0.013861179153240265
0.16297521630048187
0.3460372907832582
0.33233622476265046
0.4037894930945225
0.6032469539735552
0.6704207869777874
0.788578467024443
0.7608698397388791
0.551249863365597
0.8511567269243793
0.861023012555318
0.8607624335914393
0.8418423500001693
0.8486784372528919
0.8731584932758812
0.8833924737949249
0.8828321302520773
0.8845581413032122
0.8865575198914548
0.25232941172419077
0.8391612421746086
0.8302600053216748
0.8718955581240299
0.8465278612453878
0.8949253578972747
0.7168661403005636
0.8638514418670951
0.8814074476625093
0.901713294367185
0.9054377939643479
0.9055389938688052
0.9127559513504295
0.9086851656255054
0.8981173507114713
0.894250803749844
0.9000148007337395
0.9054524061561108
0.9095509305139111
0.9080826804509111
