0.0
0.0
0.0
0.0
0.0
0.0
0.0
0.0
0.0
0.0
0.0
0.0
0.0
0.0
0.0
0.0
0.0
0.0
0.0
0.0
0.0
0.0
0.0
0.0
0.0
0.0
0.0
0.0
0.0
0.0
0.0
0.0
0.0
0.0
0.0
0.0
0.0
0.0
0.0
0.0
0.0
0.0
0.0
0.0
0.0
0.0
0.0
0.0
0.0
0.0
0.0
0.0
0.0
0.0
0.0
0.0
0.0
0.0
0.0
1.1072255373001099
0.0
0.0
0.0
0.0
0.0
0.0
1.1573357582092285
0.0
0.0
0.0
0.0
0.0
0.0
0.0
0.0
0.0
0.0
0.0
0.0
0.0
0.0
0.0
0.0
0.0
0.0
0.0
0.0
0.0
0.0
0.0
0.0
0.0
0.0
0.0
0.0
0.0
0.0
0.0
0.0
0.0
0.0
0.0
0.0
0.0
0.0
0.0
0.0
0.0
0.0
0.0
0.0
0.0
0.0
0.0
1.0106663703918457
0.0
0.0
0.0
0.0
0.0
0.0
0.0
0.0
0.0
0.0
0.0
0.0
1.0094667673110962
1.082651138305664
0.0
0.0
0.0
0.0
0.0
0.0
0.0
0.0
0.0
0.0
0.0
0.0
0.0
0.0
0.0
0.8614593744277954
0.0
0.0
0.0
0.0
0.0
0.8063620924949646
0.8422543406486511
0.0
0.8000826239585876
0.0
0.0
0.0
0.0
0.7120232582092285
0.0
0.0
0.0
0.0
0.0
0.41753727197647095
0.0
0.0
0.0
0.5661420226097107
0.4539541006088257
0.0
0.7955021858215332
0.0
0.0
0.0
0.7345893979072571
0.0
0.0
0.0
0.7633271813392639
0.0
0.0
0.0
0.6519725322723389
0.5117880702018738
0.8694294095039368
0.0
0.0
0.0
0.338878333568573
0.0
0.0
0.0
0.0
0.732515811920166
0.4406551420688629
0.6557036638259888
0.0
0.0
0.0
0.2949838936328888
0.0
0.4063182473182678
0.0
0.0
0.35691753029823303
0.0
0.0
0.3167163133621216
0.3004750609397888
0.7940717339515686
0.0
0.0
0.0
0.0
0.4519321322441101
0.0
0.695177435874939
0.0
0.36343157291412354
0.5080533027648926
0.49027684330940247
0.29230841994285583
0.3510645627975464
0.0
0.16225628554821014
0.0
0.0
0.2983028292655945
0.0
0.11800035834312439
0.40901461243629456
0.0
0.31420230865478516
0.0
0.0
0.0
0.0
0.0
0.0
0.0
0.0
0.32064923644065857
0.0
0.21137592196464539
0.3189481198787689
0.42000824213027954
0.394741415977478
0.0
0.24323810636997223
0.332617849111557
0.0
0.13372701406478882
0.42981982231140137
0.24892780184745789
0.0
0.2263052612543106
0.0
0.0
0.43026334047317505
0.2897569239139557
0.0
0.0
0.0
0.0
0.3252238929271698
0.542800784111023
0.4406682252883911
0.0
0.3251246511936188
0.0
0.4857454001903534
0.0
0.20400233566761017
0.22915805876255035
0.0
0.363788366317749
0.0
0.34902095794677734
0.0
0.0
0.3678057789802551
0.0
0.0
0.0
0.0
0.0
0.2644132673740387
0.0
0.0
0.0
0.0
0.3764134347438812
0.16595350205898285
0.3118925392627716
0.0
0.0
0.0
0.0
0.2229846566915512
0.0
0.3960977792739868
0.16684727370738983
0.3839353621006012
0.0
0.3969803750514984
0.0
0.2501990497112274
0.4178723990917206
0.31409600377082825
0.17305830121040344
0.4947241544723511
0.31939828395843506
0.270339697599411
0.0
0.3016390800476074
0.43017423152923584
0.0
0.0
0.0
0.15917620062828064
0.35501253604888916
0.0
0.0
0.43279320001602173
0.0
0.0
0.0
0.13859833776950836
0.0
0.2412916123867035
0.17699164152145386
0.22565384209156036
0.0
0.0
0.27596741914749146
0.33804529905319214
0.0
0.25032687187194824
0.20870019495487213
0.0
0.0
0.22147729992866516
0.0
0.28758278489112854
0.0
0.0
0.0
0.0
0.0
0.1309913694858551
0.2670944929122925
0.0
0.0
0.0
0.17955142259597778
0.0
0.1916695237159729
0.0
0.0
0.0
0.0
0.0
0.0
0.0
0.17723806202411652
0.0
0.10508880019187927
0.0
0.0
0.0
0.0
0.0
0.305022269487381
0.0
0.0
0.0
0.0
0.0
0.0
0.3297485411167145
0.0
0.0
0.0
0.25423240661621094
0.18343201279640198
0.0
0.2163960039615631
0.3816390931606293
0.3194241225719452
0.2619750499725342
0.25979357957839966
0.0
0.0
0.32236742973327637
0.0
0.348453551530838
0.0
0.0
0.0
0.0
0.2502136528491974
0.0
0.0
0.3682367205619812
0.3567293584346771
0.2045017033815384
0.35585126280784607
0.0
0.2758023738861084
0.14978913962841034
0.0
0.0
0.2240711748600006
0.23070207238197327
0.2322053462266922
0.0
0.3697669208049774
0.0
0.0
0.4731912910938263
0.1231122761964798
0.35610267519950867
0.0
0.0
0.0
0.40406903624534607
0.2610701620578766
0.09108678996562958
0.1771988868713379
0.2781507968902588
0.0
0.16648034751415253
0.0
0.0
0.2813921272754669
0.0
0.0
0.0
0.24604438245296478
0.2856445908546448
0.0
0.0
0.0
0.0
0.11547259241342545
0.11824225634336472
0.2264985889196396
0.16171297430992126
0.1549442708492279
0.0
0.0
0.0
0.16391277313232422
0.0
0.1252046525478363
0.0
0.0
0.0
0.0
0.0
0.15735386312007904
0.0
0.0
0.0
0.0
0.23418767750263214
0.0926361158490181
0.0
0.22304774820804596
0.08873718976974487
0.0
0.15647611021995544
0.0
0.0
0.0
0.0
0.22698082029819489
0.0
0.15804919600486755
0.15305861830711365
0.0
0.0
0.08617492020130157
0.0
0.0
0.15686354041099548
0.2941479980945587
0.38102859258651733
0.19882701337337494
0.20513390004634857
0.0
0.19457292556762695
0.0
0.18200097978115082
0.2820720672607422
0.19355325400829315
0.4464007318019867
0.12949718534946442
0.2370476871728897
0.2896023690700531
0.12940217554569244
0.32886451482772827
0.11257632076740265
0.11931691318750381
0.0682419165968895
0.0
0.15208938717842102
0.2737677991390228
0.301140695810318
0.4549918472766876
0.34219929575920105
0.0
0.0
0.0
0.3901759684085846
0.0
0.21838761866092682
0.0
0.25493931770324707
0.4984292984008789
0.5056171417236328
0.13568663597106934
0.40019264817237854
0.0
0.0
0.07340318709611893
0.2655259072780609
0.3073623478412628
0.0
0.0
0.0
0.10375990718603134
0.0
0.0
0.2951980233192444
0.1484217494726181
0.31063607335090637
0.08189462870359421
0.49231281876564026
0.3411974310874939
0.37559977173805237
0.3518909215927124
0.36015376448631287
0.0
0.09651995450258255
0.09209690243005753
0.10764962434768677
0.1397506594657898
0.0
0.0
0.0
0.0
0.23787446320056915
0.2743741273880005
0.2323499470949173
0.0
0.2828620374202728
0.2561744749546051
0.15977273881435394
0.3466641902923584
0.0
0.0
0.09904838353395462
0.12623582780361176
0.20519113540649414
0.0
0.2533864974975586
0.0
0.3727338910102844
0.4141768515110016
0.09621725976467133
0.0
0.09146779030561447
0.4698413610458374
0.07231384515762329
0.08188972622156143
0.4036843478679657
0.0
0.0
0.30199289321899414
0.19015270471572876
0.2599799931049347
0.09083028137683868
0.2727677822113037
0.1200987845659256
0.13376383483409882
0.13806432485580444
0.3156934976577759
0.2824524939060211
0.12063810974359512
0.2588580846786499
0.1569211333990097
0.18693625926971436
0.09366130083799362
0.0843215063214302
0.324311763048172
0.12654231488704681
0.2597810924053192
0.11798592656850815
0.11318192631006241
0.06919118762016296
0.14553901553153992
0.12319589406251907
0.0
0.092115618288517
0.05935695767402649
0.2050638645887375
0.14185000956058502
0.10476172715425491
0.076706163585186
0.0
0.21678894758224487
0.23566551506519318
0.1530313938856125
0.0
0.21339070796966553
0.20298294723033905
0.0
0.2927379012107849
0.26516488194465637
0.0
0.16530446708202362
0.3408390283584595
0.0
0.0736231878399849
0.2258414626121521
0.07843998819589615
0.564003050327301
0.24362504482269287
0.0
0.0
0.46773648262023926
0.0
0.09592930972576141
0.1457168459892273
0.2660485506057739
0.04983196407556534
0.18513183295726776
0.38913553953170776
0.0
0.04933176934719086
0.0
0.15804411470890045
0.3983393907546997
0.22099022567272186
0.4750191867351532
0.1476568728685379
0.1405198574066162
0.0
0.0
0.2205182909965515
0.10801199078559875
0.052753888070583344
0.3374573588371277
0.0
0.2508370876312256
0.0
0.38217467069625854
0.054946571588516235
0.0
0.14965777099132538
0.0
0.0
0.24534918367862701
0.24079400300979614
0.48160576820373535
0.31691882014274597
0.14792127907276154
0.29316022992134094
0.0
0.2512046694755554
0.2908988296985626
0.22766247391700745
0.20344017446041107
0.05204733461141586
0.17493724822998047
0.09362390637397766
0.08435288071632385
0.18688909709453583
0.2724125385284424
0.24144412577152252
0.0
0.07251264899969101
0.1372731775045395
0.06190559267997742
0.10364647209644318
0.22238579392433167
0.17681393027305603
0.3815055787563324
0.35490092635154724
0.3295612037181854
0.0752951130270958
0.11863205581903458
0.1534952074289322
0.15597280859947205
0.08042753487825394
0.07966865599155426
0.21286050975322723
0.09754402190446854
0.06630438566207886
0.27988743782043457
0.0
0.13040585815906525
0.0754600539803505
0.28256383538246155
0.1301555186510086
0.21859517693519592
0.052527621388435364
0.06014598533511162
0.08567826449871063
0.10245022922754288
0.15608395636081696
0.10170098394155502
0.10102646797895432
0.0
0.20473086833953857
0.12970945239067078
0.0955127626657486
0.08511048555374146
0.04965196177363396
0.21995505690574646
0.22795873880386353
0.3012547492980957
0.24252477288246155
0.059092193841934204
0.11130517721176147
0.29683029651641846
0.044243182986974716
0.16969896852970123
0.11531714349985123
0.04345757141709328
0.1570446491241455
0.1562717854976654
0.20054641366004944
0.16769859194755554
0.0709972158074379
0.0
0.05858099088072777
0.058630604296922684
0.1411946713924408
0.3393765687942505
0.4690982699394226
0.11086013913154602
0.29175543785095215
0.20097431540489197
0.054777175188064575
0.08376175165176392
0.27330121397972107
0.26454171538352966
0.2618485689163208
0.13284313678741455
0.43136870861053467
0.03515671566128731
0.03489626571536064
0.06108461692929268
0.2471439391374588
0.196716770529747
0.10763446986675262
0.1719816029071808
0.3620639145374298
0.14518660306930542
0.11520304530858994
0.17047487199306488
0.0
0.08175130188465118
0.10967137664556503
0.3378826081752777
0.13205598294734955
0.141713485121727
0.0
0.24265159666538239
0.19238907098770142
0.3381650149822235
0.06800323724746704
0.2785961627960205
0.1334090530872345
0.06388303637504578
0.030425716191530228
0.11749651283025742
0.14425061643123627
0.28842785954475403
0.02921704575419426
0.08300069719552994
0.20387165248394012
0.028769005089998245
0.11910973489284515
0.098846435546875
0.09612409770488739
0.1127978265285492
0.06279029697179794
0.13503211736679077
0.07156653702259064
0.2381235659122467
0.02737395279109478
0.32028433680534363
0.0
0.026893354952335358
0.02658691816031933
0.2893320620059967
0.025833584368228912
0.22104591131210327
0.025170447304844856
0.09659061580896378
0.25887003540992737
0.024204060435295105
0.06186444312334061
0.18833352625370026
0.11567534506320953
0.11849121004343033
0.022132182493805885
0.16264799237251282
0.2411377876996994
0.0
0.16674116253852844
0.1611543595790863
0.04706601798534393
0.06951270252466202
0.057348303496837616
0.18937000632286072
0.05696307122707367
0.062485165894031525
0.20425176620483398
0.027588428929448128
0.09458640962839127
0.09277477860450745
0.37933841347694397
0.06474792212247849
0.024826960638165474
0.19794754683971405
0.0233552735298872
0.17104068398475647
0.022124333307147026
0.05517185851931572
0.0520874448120594
0.0527825728058815
0.2819671928882599
0.12189613282680511
0.11339443176984787
0.022097373381257057
0.022224998101592064
0.051469627767801285
0.19371353089809418
0.0818304568529129
0.23028890788555145
0.05222408473491669
0.0
0.06707224249839783
0.16387388110160828
0.0
0.022118043154478073
0.13605955243110657
0.14683562517166138
0.1222267895936966
0.09477458149194717
0.07144536823034286
0.22519451379776
0.13981054723262787
0.021740255877375603
0.3115041255950928
0.22612272202968597
0.021424351260066032
0.24398142099380493
0.021315496414899826
0.21548068523406982
0.11893881112337112
0.05320257321000099
0.051008325070142746
0.1370316594839096
0.046557921916246414
0.18018260598182678
0.06124025955796242
0.2033054381608963
0.12618598341941833
0.02746739238500595
0.060922350734472275
0.15818433463573456
0.026722807437181473
0.06664377450942993
0.2567984461784363
0.17724891006946564
0.19000573456287384
0.22488027811050415
0.30095064640045166
0.04939807951450348
0.022775335237383842
0.2734431028366089
0.02324473112821579
0.0
0.22117936611175537
0.025309428572654724
0.18684804439544678
0.0
0.35497814416885376
0.15288004279136658
0.30752742290496826
0.0
0.0
0.0
0.3622642457485199
0.0
0.33933213353157043
0.29163649678230286
0.0
0.33054226636886597
0.4584573805332184
0.0
0.0
0.0
0.0
0.2727466821670532
0.0
0.0
0.0
0.0
0.0
0.043868206441402435
0.29204463958740234
0.0398094542324543
0.0
0.11994484066963196
0.0
0.0
0.0
0.0
0.06607672572135925
0.0
0.02690712735056877
0.10149921476840973
0.025499029085040092
0.1343826800584793
0.024410679936408997
0.17444771528244019
0.0
0.2266971617937088
0.023439593613147736
0.05488152056932449
0.08470520377159119
0.02317412570118904
0.2971317768096924
0.062096379697322845
0.17479628324508667
0.19935712218284607
0.4033697545528412
0.1520490199327469
0.22985894978046417
0.0
0.3431549370288849
0.02350424788892269
0.02386108599603176
0.0
0.37565234303474426
0.1780959963798523
0.0
0.29315096139907837
0.1351333111524582
0.3458659052848816
0.1711854189634323
0.1670900136232376
0.0
0.0
0.21763159334659576
0.0
0.32214251160621643
0.0
0.21529355645179749
0.0
0.3563929498195648
0.2395119071006775
0.0
0.3377828598022461
0.08450668305158615
0.0
0.046867743134498596
0.0
0.0
0.0
0.18445973098278046
0.24257539212703705
0.16759151220321655
0.03713648021221161
0.1341552883386612
0.2357015758752823
0.36597904562950134
0.0
0.17702151834964752
0.09372947365045547
0.3339356482028961
0.19891002774238586
0.2680204510688782
0.23822541534900665
0.24699127674102783
0.1511440873146057
0.03645239770412445
0.0
0.16020575165748596
0.1781303733587265
0.0
0.07687189429998398
0.34813663363456726
0.14915978908538818
0.16445596516132355
0.1889890879392624
0.04749826341867447
0.23777320981025696
0.29626360535621643
0.08982595801353455
0.08858156949281693
0.0621522031724453
0.046306200325489044
0.1635476052761078
0.15842221677303314
0.044166550040245056
0.2237447202205658
0.1626514196395874
0.12174023687839508
0.08812297135591507
0.37921127676963806
0.3147718906402588
0.1322246789932251
0.1462140530347824
0.2963627874851227
0.09172879904508591
0.1162559762597084
0.033870879560709
0.05283740907907486
0.11465585976839066
0.10256814956665039
0.05309060961008072
0.06283857673406601
0.11811332404613495
0.11179067939519882
0.10704831779003143
0.03458171710371971
0.19443853199481964
0.06346718966960907
0.23509708046913147
0.14003890752792358
0.04910413920879364
0.10626405477523804
0.17736324667930603
0.12627878785133362
0.09729821979999542
0.08486031740903854
0.11043201386928558
0.17012882232666016
0.08458881080150604
0.09550196677446365
0.03820081800222397
0.05987999960780144
0.2287033498287201
0.05883653461933136
0.04303811490535736
0.07540296763181686
0.04375160112977028
0.05914546549320221
0.04528855159878731
0.27729007601737976
0.057568084448575974
0.08552713692188263
0.05535900220274925
0.13920193910598755
0.04281681030988693
0.03455670177936554
0.10217925906181335
0.11835058033466339
0.13827694952487946
0.3002341687679291
0.2301630973815918
0.10959137231111526
0.1779520958662033
0.11948109418153763
0.09368239343166351
0.1386268585920334
0.13851985335350037
0.19224704802036285
0.14072935283184052
0.10177066922187805
0.04421871155500412
0.15711356699466705
0.0
0.3052724301815033
0.1704634130001068
0.4468175768852234
0.25615596771240234
0.14780573546886444
0.03723866119980812
0.03846096992492676
0.27645793557167053
0.05238839611411095
0.19138167798519135
0.19228589534759521
0.420198529958725
0.15998464822769165
0.5426698327064514
0.19515155255794525
0.18249034881591797
0.3023810386657715
0.3592391908168793
0.09483959525823593
0.11290782690048218
0.0
0.20978836715221405
0.18223829567432404
0.08649356663227081
0.2452651858329773
0.03532448038458824
0.10937649756669998
0.0
0.18024279177188873
0.03631382808089256
0.08138342201709747
0.3323730230331421
0.03687986731529236
0.11246120184659958
0.09070747345685959
0.12664146721363068
0.16249054670333862
0.19694533944129944
0.03794843330979347
0.20680904388427734
0.06189628690481186
0.11453653126955032
0.0603102408349514
0.0362517312169075
0.08914736658334732
0.15474756062030792
0.0347771979868412
0.11693992465734482
0.1687525510787964
0.03384785354137421
0.16695503890514374
0.08749909698963165
0.03495029732584953
0.05796891078352928
0.05987962335348129
0.03328022360801697
0.12136084586381912
0.03318735212087631
0.054095637053251266
0.14096777141094208
0.11020531505346298
0.12245301157236099
0.1379927396774292
0.04060711711645126
0.03327454626560211
0.07632457464933395
0.16529160737991333
0.08533093333244324
0.14301785826683044
0.04092244803905487
0.10343309491872787
0.09121393412351608
0.11949528008699417
0.1434578001499176
0.056301429867744446
0.08443191647529602
0.03301016613841057
0.03287447243928909
0.03497392311692238
0.032323554158210754
0.21626338362693787
0.09751331061124802
0.030176859349012375
0.031456928700208664
0.11735985428094864
0.03131650760769844
0.031220693141222
0.02584828808903694
0.13571178913116455
0.05524391308426857
0.03084588050842285
0.09197738021612167
0.024115392938256264
0.2787768840789795
0.09333419799804688
0.12455643713474274
0.09615113586187363
0.34631481766700745
0.030052604153752327
0.024919293820858
0.0252721905708313
0.061342738568782806
0.15503458678722382
0.0264385174959898
0.09297363460063934
0.027459893375635147
0.027574822306632996
0.08601932227611542
0.11822204291820526
0.058992382138967514
0.34682711958885193
0.14126615226268768
0.09917668253183365
0.02980070188641548
0.0298187043517828
0.12320464104413986
0.029033729806542397
0.1298542469739914
0.11367999017238617
0.026507830247282982
0.14883707463741302
0.025943825021386147
0.025289328768849373
0.059828098863363266
0.02874729223549366
0.1233394593000412
0.023143965750932693
0.02951909229159355
0.02246418409049511
0.02971484512090683
0.02968350239098072
0.07573065906763077
0.02134443074464798
0.1551155000925064
0.1985553354024887
0.020371196791529655
0.02002115175127983
0.019621694460511208
0.01918218843638897
0.018720701336860657
0.03183881565928459
0.017909716814756393
0.0175523292273283
0.03278841823339462
0.016907984390854836
0.01661551184952259
0.15319505333900452
0.058536652475595474
0.01594812050461769
0.14725996553897858
0.03403936326503754
0.016063019633293152
0.034080348908901215
0.033970098942518234
0.03369789943099022
0.01696929894387722
0.1443217694759369
0.03261455148458481
0.047726817429065704
0.06285122036933899
0.01848716288805008
0.03136396035552025
0.09001939743757248
0.019997213035821915
0.02074020355939865
0.030514828860759735
0.04742729291319847
0.021928897127509117
0.021952979266643524
0.04735704883933067
0.08140425384044647
0.022160876542329788
0.046717338263988495
0.046456705778837204
0.02325650490820408
0.04467698559165001
0.045704349875450134
0.022929435595870018
0.08301492780447006
0.032281387597322464
0.043514009565114975
0.022053226828575134
0.03292486071586609
0.032857511192560196
0.043320730328559875
0.01995714381337166
0.019280489534139633
0.04531259089708328
0.045515283942222595
0.045556019991636276
0.03294309601187706
0.07000816613435745
0.01746782660484314
0.01753106899559498
0.017339274287223816
0.016925638541579247
0.016340816393494606
0.12268445640802383
0.19210077822208405
0.03504903241991997
0.013146346434950829
0.012494571506977081
0.01198582723736763
0.01160388346761465
0.011315394192934036
0.08865396678447723
0.010970965959131718
0.010883943177759647
0.2632474899291992
0.01098694559186697
0.011187135241925716
0.12435442209243774
0.06557390838861465
0.0
0.07511360198259354
0.012128733098506927
0.0
0.012155342847108841
0.08042867481708527
0.012124315835535526
0.3320240378379822
0.19904352724552155
0.096762515604496
0.013803115114569664
0.014730976894497871
0.1091800108551979
0.0
0.0874016284942627
0.1435001790523529
0.055621691048145294
0.05542485788464546
0.0
0.07763408869504929
0.0923866331577301
0.016503872349858284
0.01584397628903389
0.134505957365036
0.1681288480758667
0.10996527969837189
0.2695375382900238
0.013298803940415382
0.07657007873058319
0.013046530075371265
0.041300222277641296
0.1488177329301834
0.012704788707196712
0.16151493787765503
0.01275901310145855
0.012776383198797703
0.03819446638226509
0.2510254383087158
0.11754792928695679
0.012901684269309044
0.012882385402917862
0.036414287984371185
0.19521595537662506
0.03550749272108078
0.012991262599825859
0.09061987698078156
0.03426346182823181
0.27946925163269043
0.0
0.03261016681790352
0.01418477762490511
0.014487538486719131
0.07340988516807556
0.03032119944691658
0.015641111880540848
0.029153434559702873
0.028574014082551003
0.14075890183448792
0.05349685251712799
0.017970187589526176
0.052856188267469406
0.026753084734082222
0.0
0.07312119752168655
0.10936431586742401
0.026205606758594513
0.1903156042098999
0.055345404893159866
0.022007301449775696
0.022335920482873917
0.04917119815945625
0.05069979652762413
0.0257665254175663
0.10847827047109604
0.0529780238866806
0.025933317840099335
0.02483973279595375
0.10090984404087067
0.22046245634555817
0.026388021185994148
0.05006028711795807
0.06868795305490494
0.1845756322145462
0.1828136295080185
0.039850715547800064
0.10407114773988724
0.03062441200017929
0.053802814334630966
0.07285342365503311
0.05865134298801422
0.1437559872865677
0.04415418207645416
0.08055253326892853
0.044166117906570435
0.04415644332766533
0.03293297439813614
0.05822574719786644
0.096171073615551
0.11590062826871872
0.04347566142678261
0.06757556647062302
0.15233319997787476
0.02817652001976967
0.027171041816473007
0.026142029091715813
0.03529569134116173
0.033357102423906326
0.13065388798713684
0.022362111136317253
0.028241625055670738
0.09889242798089981
0.20990383625030518
0.14971967041492462
0.021101022139191628
0.14630311727523804
0.3245422840118408
0.026045184582471848
0.20657305419445038
0.027146950364112854
0.07252595573663712
0.09670442342758179
0.02203485183417797
0.022270895540714264
0.02823447249829769
0.08036535978317261
0.24334470927715302
0.0694645419716835
0.0974780023097992
0.02380160056054592
0.02407127432525158
0.08601239323616028
0.029906587675213814
0.06818531453609467
0.06680051982402802
0.12750042974948883
0.13318520784378052
0.18157368898391724
0.02436484396457672
0.15551801025867462
0.026689643040299416
0.17781659960746765
0.10051362961530685
0.11732152104377747
0.27924323081970215
0.022007931023836136
0.3660767376422882
0.020273955538868904
0.027633413672447205
0.19834554195404053
0.05760889872908592
0.08971568197011948
0.03047211654484272
0.38482123613357544
0.096703439950943
0.11632544547319412
0.016640346497297287
0.07375548034906387
0.09783173352479935
0.016645368188619614
0.016640150919556618
0.016585277393460274
0.016469983384013176
0.06289277970790863
0.01603582315146923
0.23125220835208893
0.015690550208091736
0.015578130260109901
0.2923489809036255
0.0
0.19527490437030792
0.04472401738166809
0.08824039250612259
0.016764366999268532
0.0171593576669693
0.10206225514411926
0.07409901171922684
0.25689831376075745
0.08194024860858917
0.017818240448832512
0.281154602766037
0.08021644502878189
0.017556844279170036
0.24349407851696014
0.09007551521062851
0.018038779497146606
0.2070634514093399
0.018189098685979843
0.1936366707086563
0.01808728650212288
0.017919817939400673
0.3755670189857483
0.09071541577577591
0.20596571266651154
0.1482713222503662
0.019283084198832512
0.1058766096830368
0.02053377777338028
0.020826755091547966
0.020793626084923744
0.07749832421541214
0.019735373556613922
0.01887388899922371
0.45798829197883606
0.0465465746819973
0.04539733752608299
0.20605851709842682
0.015588236972689629
0.19458073377609253
0.06398013979196548
0.014951387420296669
0.01489320956170559
0.014897805638611317
0.05466405302286148
0.015043727122247219
0.015174303203821182
0.01528103742748499
0.12033006548881531
0.03797866776585579
0.17884103953838348
0.01570281572639942
0.01578662171959877
0.01575428806245327
0.1850195676088333
0.01517108827829361
0.03879915177822113
0.12019985914230347
0.014324631541967392
0.014181127771735191
0.039343491196632385
0.1782662719488144
0.14552931487560272
0.013773796148598194
0.03911275789141655
0.013792674988508224
0.09975801408290863
0.03876151517033577
0.03853897750377655
0.09142018109560013
0.0378444641828537
0.014144111424684525
0.014235840179026127
0.0142747787758708
0.014264403842389584
0.014208627864718437
0.014111709780991077
0.1524282693862915
0.01390863861888647
0.06533541530370712
0.013650128617882729
0.03696545958518982
0.11999864876270294
0.013213441707193851
0.16023342311382294
0.08671565353870392
0.012975931167602539
0.03790530189871788
0.01292713638395071
0.012882829643785954
0.01280265487730503
0.012687880545854568
0.012539795599877834
0.039202284067869186
0.012216677889227867
0.039112530648708344
0.01192049402743578
0.12395160645246506
0.011668706312775612
0.07494954764842987
0.061165980994701385
0.011370970867574215
0.060470279306173325
0.011116409674286842
0.038731615990400314
0.010899475775659084
0.10783278197050095
0.11535473167896271
0.010687019675970078
0.14996862411499023
0.03873421624302864
0.010739624500274658
0.0885704979300499
0.038573890924453735
0.011050499975681305
0.07418260723352432
0.011301713064312935
0.011363349854946136
0.011379493400454521
0.03863043338060379
0.06864099949598312
0.13051705062389374
0.2342405468225479
0.011603325605392456
0.0369260273873806
0.1289777159690857
0.012290023267269135
0.1757090538740158
0.012639270164072514
0.03590211644768715
0.013000442646443844
0.09968966245651245
0.01323458831757307
0.06933236867189407
0.12992523610591888
0.03526778146624565
0.16098126769065857
0.013428249396383762
0.013614301569759846
0.013718554750084877
0.013736176304519176
0.15875588357448578
0.10900956392288208
0.01369085069745779
0.12551330029964447
0.01378539763391018
0.07958482950925827
0.013687354512512684
0.035788699984550476
0.07348478585481644
0.0131029998883605
0.07573717087507248
0.012634295038878918
0.012443113140761852
0.03255511820316315
0.19633714854717255
0.012343592941761017
0.0919453427195549
0.1375075876712799
0.03097088262438774
0.06865815818309784
0.056280914694070816
0.030464790761470795
0.013315238989889622
0.01348778698593378
0.02985471487045288
0.013773253187537193
0.013872895389795303
0.053013067692518234
0.08766109496355057
0.09409423172473907
0.2897128164768219
0.06803473830223083
0.06905066967010498
0.014863877557218075
0.01503051072359085
0.01510016992688179
0.015082779340445995
0.05550267547369003
0.014991340227425098
0.07524930685758591
0.10753240436315536
0.014385126531124115
0.06705539673566818
0.029747748747467995
0.013859211467206478
0.056354399770498276
0.013684980571269989
0.1087653860449791
0.055361308157444
0.01364561915397644
0.013673280365765095
0.013660072349011898
0.03104521334171295
0.09050264209508896
0.031174378469586372
0.031100427731871605
0.030912917107343674
0.015116104856133461
0.14929069578647614
0.12815190851688385
0.016801640391349792
0.01715211197733879
0.06036709249019623
0.017488818615674973
0.030369902029633522
0.017499875277280807
0.24583700299263
0.01717061921954155
0.016860682517290115
0.01644345000386238
0.04879240691661835
0.0300888791680336
0.049502138048410416
0.015314429998397827
0.07988724112510681
0.015219427645206451
0.015203578397631645
0.0822574719786644
0.015286246314644814
0.015368569642305374
0.015322030521929264
0.04720737040042877
0.08566804975271225
0.015070798806846142
0.1560107320547104
0.015211215242743492
0.015353645198047161
0.04523977264761925
0.015465786680579185
0.03477451950311661
0.015360989607870579
0.03512893244624138
0.01496143825352192
0.043160997331142426
0.014454620890319347
0.06230698525905609
0.06670240312814713
0.014077359810471535
0.244704931974411
0.03543299064040184
0.013673706911504269
0.04444112628698349
0.013310420326888561
0.04499282315373421
0.013042870908975601
0.012879889458417892
0.08183885365724564
0.0354619175195694
0.03543926030397415
0.013097980991005898
0.013166386634111404
0.013119647279381752
0.012971236370503902
0.012737788259983063
0.03514714539051056
0.0707443580031395
0.01230064406991005
0.1460314840078354
0.012282822281122208
0.012209629639983177
0.012071802280843258
0.10507770627737045
0.04773956164717674
0.047470640391111374
0.012172332964837551
0.04867169260978699
0.127987340092659
0.012908289209008217
0.013203062117099762
0.01336845476180315
0.11840714514255524
0.2677595913410187
0.13181523978710175
0.04720960929989815
0.14995449781417847
0.01240175124257803
0.07860656082630157
0.012598934583365917
0.012748263776302338
0.10312812030315399
0.04284486919641495
0.06700772047042847
0.014584298245608807
0.014993825927376747
0.015199419111013412
0.015202878974378109
0.015021000988781452
0.06673415005207062
0.014739167876541615
0.014617625623941422
0.0421348437666893
0.11919645220041275
0.15176118910312653
0.013857625424861908
0.013519023545086384
0.013101891614496708
0.06169123575091362
0.012321426533162594
0.06535818427801132
0.011657191440463066
0.011326529085636139
0.04406818374991417
0.04410024732351303
0.010596659034490585
0.010425366461277008
0.01024206355214119
0.010054281912744045
0.009865284897387028
0.009678340516984463
0.00949567835777998
0.10874420404434204
0.05187615007162094
0.009144119918346405
0.00906906183809042
0.008980129845440388
0.008879321627318859
0.008768482133746147
0.07508513331413269
0.008520702831447124
0.008410822600126266
0.008314143866300583
0.00822562538087368
0.008140862919390202
0.12028837949037552
0.00797613337635994
0.007890281267464161
0.10434689372777939
0.09090545028448105
0.007827851921319962
0.0676952376961708
0.007825988344848156
0.047365374863147736
0.007807570043951273
0.007795159239321947
0.0077696372754871845
0.007735936436802149
0.08269639313220978
0.007637935224920511
0.007576708681881428
0.1605597287416458
0.00756772980093956
0.00770108588039875
0.10574403405189514
0.008270343765616417
0.04870264604687691
0.08203788101673126
0.010351602919399738
0.011363804340362549
0.04159936308860779
0.04531773924827576
0.07058526575565338
0.03816549479961395
0.15587231516838074
0.0948096439242363
0.07993780076503754
0.04679371789097786
0.06649088114500046
0.08831566572189331
0.06690314412117004
0.08075061440467834
0.08049978315830231
0.06490952521562576
0.08286318182945251
0.11228996515274048
0.07928627729415894
0.0802801251411438
0.17033329606056213
0.07291381806135178
0.06440234184265137
0.1670045405626297
0.06837139278650284
0.06463026255369186
0.0847257673740387
0.04548052325844765
0.06355037540197372
0.03562304750084877
0.0321226604282856
0.042459167540073395
0.06427595019340515
0.02177080139517784
0.057543497532606125
0.03374768793582916
0.043760739266872406
0.03237378969788551
0.01423980388790369
0.013524993322789669
0.06332070380449295
0.030697055160999298
0.048946019262075424
0.030112922191619873
0.011835316196084023
0.029448451474308968
0.06454434245824814
0.02870504930615425
0.011848769150674343
0.011879781261086464
0.027670904994010925
0.011960471048951149
0.011990738101303577
0.011963095515966415
0.01188642531633377
0.026917755603790283
0.011750148609280586
0.01168256625533104
0.01157484669238329
0.02689792402088642
0.011383534409105778
0.12682361900806427
0.011324658058583736
0.026576628908514977
0.06336488574743271
0.011463851667940617
0.01149426493793726
0.011471709236502647
0.011402321979403496
0.09607434272766113
0.011194565333425999
0.01105929259210825
0.0664648562669754
0.010741920210421085
0.10303162783384323
0.06088878586888313
0.0997687429189682
0.010323720052838326
0.010304548777639866
0.12007594853639603
0.029209930449724197
0.010374628007411957
0.010407350026071072
0.010398480109870434
0.010352862067520618
0.16436098515987396
0.010232838802039623
0.010158671997487545
0.01005589496344328
0.00992822926491499
0.009778836742043495
0.08895273506641388
0.009544155560433865
0.009453264065086842
0.009342033416032791
0.00921341497451067
0.07076957076787949
0.008959726430475712
0.008838326670229435
0.00870670285075903
0.008565545082092285
0.008415867574512959
0.20979085564613342
0.008216646499931812
0.008155038580298424
0.03776168078184128
0.008047468028962612
0.00799519196152687
0.1684158444404602
0.007928736507892609
0.00791199691593647
0.007872548885643482
0.06435257196426392
0.08594018220901489
0.18480877578258514
0.03863808512687683
0.008051245473325253
0.008144740015268326
0.008200590498745441
0.008221137337386608
0.14427468180656433
0.008249364793300629
0.008255116641521454
0.008227953687310219
0.008171196095645428
0.008088787086308002
0.007991662248969078
0.007879862561821938
0.0077544283121824265
0.007619798183441162
0.007478772196918726
0.09184957295656204
0.007218635641038418
0.0070921205915510654
0.006955421529710293
0.040652405470609665
0.006750147789716721
0.006683166138827801
0.06547541916370392
0.10129066556692123
0.0066015166230499744
0.05917643383145332
0.006685469299554825
0.0401858426630497
0.07218264788389206
0.007141857873648405
0.052697353065013885
0.007621493190526962
0.007897742092609406
0.07012884318828583
0.008370466530323029
0.008541196584701538
0.03884619101881981
0.1066090390086174
0.04747575893998146
0.00871203187853098
0.00870436429977417
0.008635049685835838
0.008516525849699974
0.13548259437084198
0.03766157478094101
0.009284283965826035
0.04524071142077446
0.01027747243642807
0.010736201889812946
0.06467130035161972
0.01140452828258276
0.011583401821553707
0.011582702398300171
0.01142303366214037
0.01111478079110384
0.010704565793275833
0.04528670385479927
0.010013596154749393
0.00971170049160719
0.06861651688814163
0.009013441391289234
0.008646765723824501
0.00826186966150999
0.007875512354075909
0.00751328282058239
0.049559853971004486
0.007010677829384804
0.0068351286463439465
0.006652444135397673
0.04323011264204979
0.006357812322676182
0.006240342743694782
0.006118461489677429
0.0059950584545731544
0.0058732666075229645
0.005757865961641073
0.005652299616485834
0.005550007335841656
0.005450781434774399
0.05828680470585823
0.005319833755493164
0.005277787335216999
0.005231448914855719
0.005179984029382467
0.005123274400830269
0.005062246695160866
0.0049974932335317135
0.004929834045469761
0.20183585584163666
0.00494151609018445
0.005011728033423424
0.005065579432994127
0.005105413030833006
0.005129923112690449
0.04835670441389084
0.005191394593566656
0.005225019529461861
0.08850481361150742
0.005136892199516296
0.005061309784650803
0.005007847677916288
0.00498414970934391
0.0049758898094296455
0.004973117727786303
0.04931206628680229
0.004997595213353634
0.0050176214426755905
0.062050461769104004
0.06537846475839615
0.005074299406260252
0.005094509106129408
0.0051056332886219025
0.048568978905677795
0.0051458291709423065
0.047861162573099136
0.005238824058324099
0.005291670560836792
0.005331218708306551
0.11155757308006287
0.005422832909971476
0.005472985096275806
0.005507352761924267
0.05962804704904556
0.005604022182524204
0.005664659198373556
0.005707307253032923
0.005733223166316748
0.005744889844208956
0.005743520800024271
0.005727327894419432
0.005695020779967308
0.05695608630776405
0.005721377674490213
0.04446130618453026
0.05189388245344162
0.00612118374556303
0.006332657299935818
0.0064941756427288055
0.09316591918468475
0.04410731792449951
0.23026679456233978
0.04697122052311897
0.1774614453315735
0.0440046451985836
0.009635643102228642
0.010687045753002167
0.01153414137661457
0.012098360806703568
0.04116016998887062
0.012813742272555828
0.03914254531264305
0.06577204167842865
0.014281392097473145
0.08758055418729782
0.060572899878025055
0.2029399871826172
0.07858667522668839
0.04772930592298508
0.07313346117734909
0.08757750689983368
0.12862227857112885
0.2112753987312317
0.11349824070930481
0.12424951791763306
0.0
0.11911331117153168
0.12481620907783508
0.12979073822498322
0.09012385457754135
0.0
0.09891796857118607
0.11418778449296951
0.10103048384189606
0.11914843320846558
0.08935179561376572
0.0
0.0
0.0
0.0
0.0
0.0
0.0
0.0
0.0
0.0
0.0
0.0
0.0
0.18118032813072205
0.0
0.0
0.0
0.0
0.0
0.0
0.0
0.0
0.0
0.0
0.0
0.0
0.0
0.0
0.0
0.0
0.0
0.0
0.0
0.0
0.0
0.0
0.0
0.0
0.2522416412830353
0.0
0.0
0.0
0.0
0.0
0.0
0.0
0.0
0.0
0.0
0.21765410900115967
0.0
0.0
0.0
0.0
0.0
0.0
0.44037291407585144
0.0
0.06354642659425735
0.0
0.060749638825654984
0.19891254603862762
0.0
0.2943217158317566
0.0
0.0
0.32112786173820496
0.37478283047676086
0.0
0.0
0.0
0.399962455034256
0.0
0.252454936504364
0.2860543131828308
0.12024857848882675
0.0
0.21502380073070526
0.24789077043533325
0.4596215486526489
0.348124235868454
0.15017671883106232
0.0
0.4602530598640442
0.13890521228313446
0.28061166405677795
0.0
0.17519965767860413
0.06864804029464722
0.0
0.4298902153968811
0.31813281774520874
0.0
0.0
0.33167514204978943
0.0
0.0
0.26240864396095276
0.15186302363872528
0.08468791842460632
0.5478804111480713
0.13398870825767517
0.3142123520374298
0.22820037603378296
0.3721986711025238
0.2319195568561554
0.38660168647766113
0.30283212661743164
0.0663406252861023
0.4323994517326355
0.2027479112148285
0.26156577467918396
0.22452877461910248
0.22451470792293549
0.19461646676063538
0.06577903032302856
0.18584087491035461
0.1508781611919403
0.09315033257007599
0.08841387927532196
0.06143449619412422
0.30555716156959534
0.20820748805999756
0.17997702956199646
0.23850402235984802
0.04573416709899902
0.12323088943958282
0.11105658859014511
0.07894062250852585
0.1508900374174118
0.0
0.3537830412387848
0.11868602782487869
0.03611811250448227
0.1077089011669159
0.184369757771492
0.08943261951208115
0.10193654894828796
0.3200441598892212
0.09199114888906479
0.07436707615852356
0.04747779667377472
0.14562329649925232
0.02947462722659111
0.16073887050151825
0.06807486712932587
0.17487913370132446
0.3834647834300995
0.028163546696305275
0.11872415244579315
0.25225383043289185
0.02813366800546646
0.26156148314476013
0.02831682190299034
0.16567187011241913
0.1439679116010666
0.07145724445581436
0.1530393809080124
0.09780334681272507
0.16056756675243378
0.03091425634920597
0.03109459951519966
0.08946346491575241
0.03065473400056362
0.25207558274269104
0.08832547813653946
0.11446115374565125
0.13958293199539185
0.028728321194648743
0.35832950472831726
0.3162987232208252
0.02878250554203987
0.061021242290735245
0.029273346066474915
0.02933400683104992
0.2056565135717392
0.0
0.3605722188949585
0.24586454033851624
0.1287582516670227
0.029528455808758736
0.11138411611318588
0.30702459812164307
0.04543203487992287
0.059493955224752426
0.3633538484573364
0.3871127963066101
0.11613531410694122
0.0332748182117939
0.1103462502360344
0.1893700212240219
0.03336013853549957
0.16599707305431366
0.12927748262882233
0.0958145409822464
0.04891432821750641
0.06125141680240631
0.04935619235038757
0.31433820724487305
0.030946912243962288
0.226270392537117
0.028604215011000633
0.045723807066679
0.10230196267366409
0.09126628190279007
0.04338113218545914
0.24353906512260437
0.0417012944817543
0.327175498008728
0.09769944101572037
0.02218274585902691
0.06821931898593903
0.2396887242794037
0.021149927750229836
0.02081066183745861
0.21536195278167725
0.0203761737793684
0.2000502198934555
0.020142698660492897
0.11708272248506546
0.19145835936069489
0.17750032246112823
0.14534954726696014
0.1528564691543579
0.020359007641673088
0.11283934861421585
0.07989180833101273
0.2435847520828247
0.020318688824772835
0.18534666299819946
0.09648828208446503
0.02037208527326584
0.35621538758277893
0.020486999303102493
0.23255077004432678
0.020603137090802193
0.12912173569202423
0.11368738114833832
0.020461032167077065
0.20490719377994537
0.04274963214993477
0.020683543756604195
0.04395971819758415
0.13076931238174438
0.10885024815797806
0.24122607707977295
0.02140244096517563
0.08329092711210251
0.0985158383846283
0.182489275932312
0.17023147642612457
0.056224923580884933
0.15187346935272217
0.10843092948198318
0.021559935063123703
0.021383099257946014
0.040189627557992935
0.021004334092140198
0.020810844376683235
0.0711321011185646
0.02046152576804161
0.02030252479016781
0.14678719639778137
0.03641027584671974
0.09074738621711731
0.066714808344841
0.020219821482896805
0.3993571102619171
0.11123517155647278
0.09752682596445084
0.03513239696621895
0.02114863134920597
0.07037296146154404
0.03469017148017883
0.1954028308391571
0.10295567661523819
0.02393682301044464
0.13204294443130493
0.0
0.19570158421993256
0.03443138301372528
0.0647629126906395
0.11029024422168732
0.1536407321691513
0.1095753014087677
0.2685978412628174
0.1692366749048233
0.035857878625392914
0.0
0.26592352986335754
0.03601498901844025
0.13051864504814148
0.0
0.0600552000105381
0.12773104012012482
0.10752327740192413
0.1055835708975792
0.12212787568569183
0.10523935407400131
0.0
0.2300175279378891
0.07312144339084625
0.034162648022174835
0.11626924574375153
0.02922951430082321
0.12636472284793854
0.027401862666010857
0.0327950082719326
0.12706738710403442
0.157180055975914
0.08198187500238419
0.0681007131934166
0.020902877673506737
0.08022349327802658
0.0329076424241066
0.0194326713681221
0.032760728150606155
0.018897004425525665
0.07059774547815323
0.10091365873813629
0.03234231099486351
0.15637429058551788
0.09519167989492416
0.01822621189057827
0.07286372780799866
0.01795363612473011
0.0323239266872406
0.0796739012002945
0.017483146861195564
0.13309742510318756
0.017229855060577393
0.12802433967590332
0.12158377468585968
0.01727670058608055
0.034585412591695786
0.25727519392967224
0.12588849663734436
0.12244384735822678
0.0811672955751419
0.018194938078522682
0.0788164883852005
0.018448660150170326
0.018458550795912743
0.03520834818482399
0.035125263035297394
0.018277384340763092
0.03462422639131546
0.07904261350631714
0.0786583423614502
0.01777939684689045
0.01756255328655243
0.09809622168540955
0.01698336936533451
0.01664259470999241
0.01628139428794384
0.1542517989873886
0.14418548345565796
0.2895375192165375
0.015278901904821396
0.10058638453483582
0.062461331486701965
0.06177924945950508
0.3439667522907257
0.1181882843375206
0.015711909160017967
0.08120717108249664
0.06912543624639511
0.016186000779271126
0.08018340915441513
0.08243707567453384
0.01653297431766987
0.09951520711183548
0.15456241369247437
0.0744989663362503
0.017526041716337204
0.06778256595134735
0.06337985396385193
0.1780954748392105
0.19357410073280334
0.019707361236214638
0.06630361080169678
0.045147981494665146
0.045763544738292694
0.07719241827726364
0.0
0.02321191318333149
0.09745322167873383
0.02347215637564659
0.05812951922416687
0.02316003106534481
0.06008036434650421
0.15061762928962708
0.14782856404781342
0.02220798283815384
0.0751255676150322
0.10019972920417786
0.021503916010260582
0.14897041022777557
0.02097383700311184
0.1589592546224594
0.0204429030418396
0.09815572947263718
0.09925684332847595
0.056272245943546295
0.019745545461773872
0.08775701373815536
0.04459890350699425
0.2797156274318695
0.05412280932068825
0.2009214460849762
0.01872512511909008
0.01854625530540943
0.14951497316360474
0.045069314539432526
0.26804184913635254
0.045714929699897766
0.1804610639810562
0.019074339419603348
0.05956638976931572
0.13367058336734772
0.020898131653666496
0.3042049705982208
0.07073982805013657
0.025529220700263977
0.2522866725921631
0.08162086457014084
0.22842584550380707
0.25721198320388794
0.13206392526626587
0.24498498439788818
0.04552960395812988
0.0796833485364914
0.1293259710073471
0.16196218132972717
0.05098474398255348
0.06703730672597885
0.0
0.16607950627803802
0.2998102903366089
0.0
0.1305818408727646
0.18112920224666595
0.22723053395748138
0.09003821015357971
0.043419867753982544
0.11693338304758072
0.04092017561197281
0.08503974974155426
0.036444079130887985
0.03388199955224991
0.031145991757512093
0.07507240027189255
0.2490558624267578
0.07236521691083908
0.0965496376156807
0.14950469136238098
0.13314922153949738
0.022297868505120277
0.0772881954908371
0.22287802398204803
0.0481627956032753
0.022857774049043655
0.0533648245036602
0.0750713124871254
0.14495199918746948
0.16304045915603638
0.022267604246735573
0.05229109898209572
0.06959735602140427
0.227622851729393
0.049766674637794495
0.01875646412372589
0.017806805670261383
0.016873521730303764
0.015983572229743004
0.015151125378906727
0.05704307556152344
0.013785920105874538
0.22501851618289948
0.012662424705922604
0.012166756205260754
0.011728355661034584
0.011341068893671036
0.010999021120369434
0.09833988547325134
0.010504132136702538
0.10338272899389267
0.010261769406497478
0.010186651721596718
0.10354160517454147
0.07383333891630173
0.3176867663860321
0.010270489379763603
0.03810650110244751
0.1347072720527649
0.03697714954614639
0.010792424902319908
0.07450038939714432
0.09341636300086975
0.011031320318579674
0.011065317317843437
0.011072944849729538
0.07296252250671387
0.03492842614650726
0.14765700697898865
0.01125445868819952
0.034304939210414886
0.011397527530789375
0.011452716775238514
0.13685403764247894
0.011383973062038422
0.011276280507445335
0.011151355691254139
0.03383004665374756
0.22082901000976562
0.07012557238340378
0.011266962625086308
0.01142970286309719
0.011556371115148067
0.03316566348075867
0.011767186224460602
0.03286236524581909
0.07196057587862015
0.0121320690959692
0.01224913913756609
0.012306055054068565
0.012304892763495445
0.08218741416931152
0.0315355621278286
0.012338468804955482
0.031152833253145218
0.01240476407110691
0.030621616169810295
0.030255327001214027
0.10106837004423141
0.012631488032639027
0.02885226532816887
0.012742365710437298
0.027954891324043274
0.012854257598519325
0.01287818793207407
0.012843744829297066
0.08137977868318558
0.012726148590445518
0.026420770213007927
0.01264217495918274
0.012581020593643188
0.23008151352405548
0.012801979668438435
0.013061190024018288
0.06328333914279938
0.06710986793041229
0.025419803336262703
0.014280226081609726
0.014585045166313648
0.10662856698036194
0.01523790042847395
0.015567167662084103
0.02542695216834545
0.015960490331053734
0.016012251377105713
0.025611845776438713
0.01587364822626114
0.015696542337536812
0.09749890118837357
0.015274306759238243
0.015030770562589169
0.02635599672794342
0.02645254321396351
0.014294062741100788
0.02643851563334465
0.2477569729089737
0.0570007748901844
0.02611585333943367
0.05490146577358246
0.05359658598899841
0.07165089249610901
0.1930290013551712
0.08672557771205902
0.018938632681965828
0.049100857228040695
0.048456821590662
0.020223353058099747
0.020354390144348145
0.11685576289892197
0.02070450596511364
0.11109045892953873
0.020292529836297035
0.028034944087266922
0.14765191078186035
0.04423735663294792
0.043749500066041946
0.11142905056476593
0.029788240790367126
0.01913616620004177
0.0823298990726471
0.09550666064023972
0.16437873244285583
0.16562508046627045
0.041976168751716614
0.11883272230625153
0.07569562643766403
0.08164234459400177
0.07436958700418472
0.17076867818832397
0.28506672382354736
0.25188392400741577
0.0
0.10772988200187683
0.12117011100053787
0.0
0.15315479040145874
0.0
0.0
0.0
0.0
0.0
0.20058363676071167
0.0
0.0
0.19589023292064667
0.0
0.2309252768754959
0.0
0.0
0.0
0.14063939452171326
0.0
0.0
0.039123620837926865
0.0
0.284348726272583
0.10445280373096466
0.19629956781864166
0.12428653985261917
0.10877726227045059
0.21140152215957642
0.07139468938112259
0.09564297646284103
0.18541467189788818
0.18794818222522736
0.07867754250764847
0.13944117724895477
0.23171554505825043
0.05395890772342682
0.04298458248376846
0.08667580783367157
0.09256167709827423
0.052466753870248795
0.14318907260894775
0.03760761767625809
0.02978421002626419
0.030071409419178963
0.030179006978869438
0.015758439898490906
0.06463541835546494
0.11860663443803787
0.040257878601551056
0.10414771735668182
0.11270898580551147
0.09507694095373154
0.016008010134100914
0.07483687996864319
0.13543647527694702
0.01642327755689621
0.016178755089640617
0.015774153172969818
0.03788735717535019
0.037937670946121216
0.2722485065460205
0.015232299454510212
0.01561010628938675
0.0
0.015958528965711594
0.03585432842373848
0.01595913991332054
0.1203271672129631
0.035394031554460526
0.09732558578252792
0.054387688636779785
0.01576962135732174
0.015620222315192223
0.015288238413631916
0.01480606198310852
0.18000467121601105
0.013709877617657185
0.18556880950927734
0.040557846426963806
0.013903580605983734
0.04032466933131218
0.04003213346004486
0.05523921176791191
0.01538377907127142
0.11633359640836716
0.19865691661834717
0.017693981528282166
0.03664468601346016
0.03492935001850128
0.035281844437122345
0.02122773975133896
0.04946575686335564
0.02228109911084175
0.09196138381958008
0.036109160631895065
0.022112904116511345
0.02155660092830658
0.02072414569556713
0.019697517156600952
0.036101121455430984
0.054583191871643066
0.033612631261348724
0.0364062637090683
0.05602568760514259
0.01658134162425995
0.016465598717331886
0.1185704916715622
0.016132215037941933
0.03423153981566429
0.05623351037502289
0.01602279208600521
0.016040438786149025
0.08699692040681839
0.015590076334774494
0.015175138600170612
0.014659195207059383
0.10463247448205948
0.07325083017349243
0.03441407531499863
0.013237694278359413
0.013004094362258911
0.04068456217646599
0.22109663486480713
0.013115567155182362
0.013537181541323662
0.06465296447277069
0.01441865786910057
0.01485880371183157
0.0862686038017273
0.037426963448524475
0.01578638330101967
0.07279860228300095
0.016017522662878036
0.01589566096663475
0.03334687650203705
0.057687606662511826
0.015390642918646336
0.05740072578191757
0.03699913248419762
0.1143820583820343
0.03657303377985954
0.01603165827691555
0.016281211748719215
0.055170539766550064
0.034196384251117706
0.03416277468204498
0.03533988073468208
0.05406181514263153
0.13223327696323395
0.03508370369672775
0.03502530977129936
0.034974586218595505
0.020532043650746346
0.033996883779764175
0.020581884309649467
0.09752687811851501
0.020732158794999123
0.034706972539424896
0.02071896567940712
0.03459661826491356
0.019967366009950638
0.10195425897836685
0.018971620127558708
0.051331810653209686
0.03511248901486397
0.12331278622150421
0.05119007080793381
0.03499707579612732
0.05194573476910591
0.10064337402582169
0.05022747069597244
0.034192632883787155
0.09682629257440567
0.04723117873072624
0.05119304358959198
0.0477144829928875
0.11492883414030075
0.10122428834438324
0.09872275590896606
0.15265266597270966
0.08222901076078415
0.09868959337472916
0.0706796795129776
0.2245241105556488
0.03612453117966652
0.0
0.09809211641550064
0.10051503777503967
0.0
0.34410107135772705
0.0
0.09188824892044067
0.08503732085227966
0.19587737321853638
0.09023928642272949
0.06900717318058014
0.0
0.0947282612323761
0.061618175357580185
0.07229036837816238
0.09098878502845764
0.1681230664253235
0.09520940482616425
0.17446333169937134
0.11975810676813126
0.053777649998664856
0.14530037343502045
0.23708036541938782
0.03680611774325371
0.03139908239245415
0.04959951341152191
0.13699285686016083
0.16912011802196503
0.030183585360646248
0.029666179791092873
0.02898739092051983
0.2163323611021042
0.21187031269073486
0.043463338166475296
0.03487139940261841
0.07260191440582275
0.036980289965867996
0.13024766743183136
0.06296811252832413
0.03773953393101692
0.02695300616323948
0.08235707134008408
0.059662848711013794
0.21330970525741577
0.052114371210336685
0.09963187575340271
0.08006651699542999
0.046675905585289
0.05761527642607689
0.05388147383928299
0.06303014606237411
0.16488945484161377
0.06565513461828232
0.031234657391905785
0.13488489389419556
0.050810880959033966
0.031773585826158524
0.031771961599588394
0.3599788546562195
0.03141117841005325
0.12676826119422913
0.030842004343867302
0.0255866888910532
0.06563983112573624
0.10574816912412643
0.02977275662124157
0.029376277700066566
0.12157613039016724
0.021901754662394524
0.09577440470457077
0.027659155428409576
0.06041128933429718
0.026943957433104515
0.021086400374770164
0.07438979297876358
0.021203327924013138
0.02112051472067833
0.020759491249918938
0.020168056711554527
0.097879558801651
0.019305149093270302
0.23418262600898743
0.018390022218227386
0.08319029957056046
0.016933782026171684
0.016135884448885918
0.070875383913517
0.014881393872201443
0.014377639628946781
0.0832194834947586
0.013268638402223587
0.012703459709882736
0.11539080739021301
0.05230404809117317
0.011724306270480156
0.011523745022714138
0.09317460656166077
0.011314363218843937
0.011288553476333618
0.011204360984265804
0.011068717576563358
0.04519343003630638
0.03564285486936569
0.04991741105914116
0.010978158563375473
0.011034306138753891
0.011020174250006676
0.010939733125269413
0.010799196548759937
0.010606796480715275
0.08351227641105652
0.010152583941817284
0.08332403004169464
0.009941227734088898
0.1746877282857895
0.04395454004406929
0.048277050256729126
0.010561713948845863
0.010787907987833023
0.0422690287232399
0.011155090294778347
0.01128655206412077
0.11734240502119064
0.03817213699221611
0.011999037116765976
0.012232925742864609
0.03971376270055771
0.012530756182968616
0.012587948702275753
0.012511933222413063
0.044400181621313095
0.07071073353290558
0.012567191384732723
0.08367647230625153
0.012925693765282631
0.012971146032214165
0.038060251623392105
0.012870755977928638
0.03789127245545387
0.15685172379016876
0.03763487935066223
0.04107670485973358
0.01294623501598835
0.0129298260435462
0.04342501983046532
0.043433740735054016
0.04328110069036484
0.013010341674089432
0.013029929250478745
0.012884632684290409
0.012597186490893364
0.037558868527412415
0.04262954369187355
0.06343477964401245
0.011994415894150734
0.012045242823660374
0.10967539995908737
0.09879323095083237
0.04243629798293114
0.09206080436706543
0.013666787184774876
0.16862079501152039
0.013527597300708294
0.013048790395259857
0.04345275089144707
0.01213541254401207
0.10670056194067001
0.07922185212373734
0.04466332122683525
0.01177499070763588
0.11048272997140884
0.011884424835443497
0.011865141801536083
0.011739764362573624
0.011525779031217098
0.011242425069212914
0.03950970247387886
0.042420435696840286
0.01061674952507019
0.010467134416103363
0.010262047871947289
0.04403408616781235
0.009894490242004395
0.009724163450300694
0.009512994438409805
0.0452098622918129
0.009151523001492023
0.04537680000066757
0.21643780171871185
0.009108787402510643
0.009217431768774986
0.04186762496829033
0.041989464312791824
0.04184899851679802
0.009773904457688332
0.07246283441781998
0.11045485734939575
0.010829435661435127
0.011211885139346123
0.011463954113423824
0.0831158384680748
0.17386694252490997
0.0383206345140934
0.09986633062362671
0.04002489149570465
0.03669517859816551
0.01276116631925106
0.0862024798989296
0.013171195983886719
0.0403459258377552
0.013340829871594906
0.034466452896595
0.013386333361268044
0.09788548201322556
0.10169889777898788
0.10118817538022995
0.013251104392111301
0.013290520757436752
0.07100343704223633
0.013136510737240314
0.07836120575666428
0.012892995961010456
0.012724090367555618
0.012477986514568329
0.012170378118753433
0.033422041684389114
0.01159066241234541
0.033608295023441315
0.011160552501678467
0.010952459648251534
0.08628810197114944
0.010445008054375648
0.01016599778085947
0.10522691905498505
0.009813036769628525
0.06278865039348602
0.0830080583691597
0.009687403216958046
0.00965119432657957
0.0811847522854805
0.009473137557506561
0.009340006858110428
0.03610653802752495
0.10448101907968521
0.06658956408500671
0.036164797842502594
0.009599905461072922
0.03571334108710289
0.009980068542063236
0.010125934146344662
0.010199240408837795
0.0348898246884346
0.01028465386480093
0.010294932872056961
0.010242079384624958
0.10266362875699997
0.010232576169073582
0.1023276075720787
0.01038458663970232
0.010434068739414215
0.12262378633022308
0.01072277408093214
0.010939237661659718
0.12037376314401627
0.0656421035528183
0.11297290027141571
0.031088300049304962
0.07623551040887833
0.134680837392807
0.013140150345861912
0.062414512038230896
0.013899743556976318
0.08811130374670029
0.014569788239896297
0.061427146196365356
0.028898809105157852
0.028731919825077057
0.028441693633794785
0.016420071944594383
0.016710342839360237
0.02763168327510357
0.016990868374705315
0.10285793989896774
0.017193341627717018
0.017215408384799957
0.05169747397303581
0.016925446689128876
0.058593813329935074
0.1003117635846138
0.02713269181549549
0.026907820254564285
0.017363887280225754
0.01753409020602703
0.11676998436450958
0.02617884799838066
0.01821961998939514
0.06288009881973267
0.01851688325405121
0.05084926635026932
0.025966424494981766
0.09370388835668564
0.01889263093471527
0.019138537347316742
0.025684546679258347
0.060845982283353806
0.025483105331659317
0.0252809040248394
0.019588014110922813
0.02480555698275566
0.04812705144286156
0.024363813921809196
0.04790716618299484
0.0197196826338768
0.023894188925623894
0.023739363998174667
0.1628943383693695
0.023410771042108536
0.019023001194000244
0.06679105758666992
0.023127581924200058
0.046976279467344284
0.20241057872772217
0.05721534788608551
0.02278219535946846
0.020400065928697586
0.054549966007471085
0.022667458280920982
0.1836812049150467
0.023391129449009895
0.07007364928722382
0.06857307255268097
0.02572730928659439
0.026275748386979103
0.05053045228123665
0.024004099890589714
0.05452366918325424
0.026483112946152687
0.02610466629266739
0.2075805813074112
0.025945305824279785
0.14876489341259003
0.025858821347355843
0.02774842083454132
0.03799856826663017
0.05992339923977852
0.05969737842679024
0.09047893434762955
0.050242163240909576
0.037071701139211655
0.031759243458509445
0.032117776572704315
0.06971054524183273
0.03729243203997612
0.06596788763999939
0.05704237148165703
0.032972436398267746
0.028161263093352318
0.03297730162739754
0.03277174383401871
0.03235342726111412
0.08827110379934311
0.028443653136491776
0.03091815486550331
0.030375681817531586
0.12908941507339478
0.029177319258451462
0.15687954425811768
0.027272485196590424
0.027283186092972755
0.039045531302690506
0.02516348287463188
0.046138305217027664
0.05401014909148216
0.022281857207417488
0.025201719254255295
0.02052026242017746
0.04669062793254852
0.01874355785548687
0.017798887565732002
0.02503601461648941
0.025007247924804688
0.02481727860867977
0.01502196304500103
0.014541259035468102
0.024186907336115837
0.013633993454277515
0.013231325894594193
0.01279737614095211
0.012343103066086769
0.1015244647860527
0.024282222613692284
0.024379119277000427
0.01072173472493887
0.024315120652318
0.010371788404881954
0.024103738367557526
0.01019857544451952
0.01012859120965004
0.023752201348543167
0.02356508933007717
0.02322731912136078
0.022757599130272865
0.010540311224758625
0.02174314484000206
0.021201329305768013
0.020567959174513817
0.01986066997051239
0.012203829362988472
0.01851678639650345
0.013031166978180408
0.017406541854143143
0.013777725398540497
0.016499334946274757
0.01442765910178423
0.01465600449591875
0.015608212910592556
0.01536338310688734
0.015044241212308407
0.014663178473711014
0.01423226110637188
0.14724260568618774
0.01703289896249771
0.01734931766986847
0.013063712976872921
0.012896639294922352
0.01267173606902361
0.012399627827107906
0.01887076161801815
0.019116990268230438
0.011857683770358562
0.011740931309759617
0.019543489441275597
0.09274547547101974
0.0114877475425601
0.019759632647037506
0.011414834298193455
0.01136847585439682
0.011264043860137463
0.020140092819929123
0.020164236426353455
0.011134331114590168
0.011131234467029572
0.01106631476432085
0.020157933235168457
0.020106397569179535
0.01103266328573227
0.011055664159357548
0.019769201055169106
0.019590577110648155
0.0734131708741188
0.011439678259193897
0.01156461238861084
0.018510883674025536
0.01823735237121582
0.017823556438088417
0.012346843257546425
0.0693483054637909
0.15294073522090912
0.016128208488225937
0.015611100941896439
0.015034007839858532
0.014909985475242138
0.01398747880011797
0.015910129994153976
0.016273338347673416
0.016468599438667297
0.06334375590085983
0.012973376549780369
0.01679931953549385
0.012855532579123974
0.012768677435815334
0.0953739732503891
0.017362244427204132
0.017347581684589386
0.017188049852848053
0.012904408387839794
0.016753265634179115
0.013238999992609024
0.0133402394130826
0.013334620743989944
0.016436545178294182
0.016389133408665657
0.013377155177295208
0.016158614307641983
0.013519428670406342
0.013533142395317554
0.015990473330020905
0.013477642089128494
0.01340619008988142
0.016106104478240013
0.013207614421844482
0.013078952208161354
0.012869944795966148
0.01672879420220852
0.0168596338480711
0.012438315898180008
0.012337075546383858
0.017103686928749084
0.012110168114304543
0.011981277726590633
0.011784238740801811
0.01152987964451313
0.011229582130908966
0.010893627069890499
0.010531305335462093
0.010151512920856476
0.009761970490217209
0.009369582869112492
0.008980280719697475
0.008599135093390942
0.008228905498981476
0.007872284390032291
0.0075315008871257305
0.025949928909540176
0.02648833580315113
0.006910373456776142
0.006797437556087971
0.006671833340078592
0.006536381784826517
0.028180323541164398
0.006340347696095705
0.028484083712100983
0.006280664354562759
0.0062677329406142235
0.006234236992895603
0.0061827125027775764
0.006115449592471123
0.028958003968000412
0.006033341400325298
0.006011719815433025
0.005971885751932859
0.005916152149438858
0.005846762098371983
0.005765919573605061
0.005675526335835457
0.005577485542744398
0.005473635625094175
0.005365503020584583
0.1551513820886612
0.005278353113681078
0.0052848816849291325
0.005275420378893614
0.005251443479210138
0.12151975929737091
0.03163312375545502
0.005166507791727781
0.03158286586403847
0.03129948675632477
0.005347228609025478
0.005444302689284086
0.005517025012522936
0.005566296633332968
0.005593371577560902
0.029651371762156487
0.005674981977790594
0.0057247052900493145
0.005750434938818216
0.02896331064403057
0.005828383378684521
0.0058758193626999855
0.005897894036024809
0.005896554794162512
0.028360042721033096
0.005926644429564476
0.005952718202024698
0.0279625803232193
0.006030198186635971
0.027461586520075798
0.006196202244609594
0.006281474605202675
0.02650502510368824
0.006462148856371641
0.0065522994846105576
0.006606153678148985
0.0066260830499231815
0.006614808924496174
0.006575475912541151
0.006511371117085218
0.08799020946025848
0.006325849797576666
0.006212117616087198
0.006087643560022116
0.08058217912912369
0.00585151556879282
0.005739319138228893
0.005620585288852453
0.005497191101312637
0.029899749904870987
0.005328116472810507
0.005272743292152882
0.09554355591535568
0.030851924791932106
0.030792228877544403
0.0052895681001245975
0.005358785390853882
0.00540420226752758
0.030000684782862663
0.005518215708434582
0.029427697882056236
0.1073993369936943
0.005816228222101927
0.005889602471143007
0.005934426560997963
0.005952856037765741
0.005947115831077099
0.005919693037867546
0.0058731441386044025
0.028883501887321472
0.005826810374855995
0.005820423364639282
0.028936319053173065
0.005842047743499279
0.10560917109251022
0.005952341016381979
0.006010389421135187
0.0060402690432965755
0.006043910980224609
0.006023653782904148
0.00598197290673852
0.005921501666307449
0.005844976287335157
0.4728633165359497
0.005719420965760946
0.005672375671565533
0.02994440495967865
0.005636240821331739
0.005638319067656994
0.005622567608952522
0.005590877030044794
0.005545260384678841
0.00548775028437376
0.005419910419732332
0.005343419965356588
0.03228192403912544
0.005247625056654215
0.005220589227974415
0.005180526990443468
0.005129766650497913
0.005069221835583448
0.0049997479654848576
0.09662789106369019
0.0048699332401156425
0.004815962631255388
0.004762331955134869
0.099850594997406
0.004673483315855265
0.004636980127543211
0.004597929306328297
0.004555934574455023
0.004509851802140474
0.004460098687559366
0.004407170228660107
0.004351197276264429
0.04102403298020363
0.0042734937742352486
0.14208321273326874
0.004245178308337927
0.0042346687987446785
0.004216155037283897
0.17971906065940857
0.10065845400094986
0.09257833659648895
0.004553000908344984
0.004679492209106684
0.004787828773260117
0.004875758662819862
0.004943993873894215
0.0049921926110982895
0.00502065010368824
0.0428909957408905
0.005058579612523317
0.005066835321485996
0.005056966561824083
0.09898218512535095
0.0776277482509613
0.04299482703208923
0.005489314906299114
0.005645036231726408
0.005766718182712793
0.005852057132869959
0.005900974851101637
0.005915237125009298
0.005897199735045433
0.005850085057318211
0.005777761805802584
0.06268230080604553
0.005764560308307409
0.005812182556837797
0.0058262948878109455
0.09575069695711136
0.0933089628815651
0.1521100252866745
0.007175009697675705
0.10259604454040527
0.008863254450261593
0.009712996892631054
0.04259185865521431
0.04122583568096161
0.012573895044624805
0.10465081036090851
0.016080716624855995
0.1030864268541336
0.021604258567094803
0.024127593263983727
0.10046208649873734
0.06232756748795509
0.16835719347000122
0.03102537803351879
0.08905575424432755
0.04098527878522873
0.10531745105981827
0.03359685838222504
0.03285573050379753
0.03967523202300072
0.028463996946811676
0.09630414843559265
0.07668105512857437
0.020778145641088486
0.018218617886304855
0.05781489983201027
0.013831662014126778
0.1424356997013092
0.0746355801820755
0.03655707836151123
0.07374656945466995
0.011169731616973877
0.011032309383153915
0.010690158233046532
0.06584890186786652
0.05295659601688385
0.03895774856209755
0.06912361830472946
0.10505685210227966
0.05276942625641823
0.012781360186636448
0.1953420490026474
0.014226901344954967
0.09172925353050232
0.036925747990608215
0.0163334459066391
0.03697453811764717
0.01710960455238819
0.016948767006397247
0.01631980761885643
0.015325793996453285
0.014086920768022537
0.07949673384428024
0.11434850841760635
0.039063528180122375
0.010079520754516125
0.009374371729791164
0.04146473854780197
0.05104871839284897
0.18501146137714386
0.007345946040004492
0.006880256347358227
0.006440448109060526
0.006035389844328165
0.005668778903782368
0.12747880816459656
0.04581180959939957
0.00461228983476758
0.08727383613586426
0.08862414956092834
0.0042250147089362144
0.004168807063251734
0.004125101491808891
0.004089845810085535
0.004057657904922962
0.004027378745377064
0.003999525681138039
0.003973487298935652
0.003948000259697437
0.0989222452044487
0.003923674579709768
0.003928757272660732
0.003934858366847038
0.003940170630812645
0.0419294647872448
0.003998854663223028
0.0040453956462442875
0.004081147722899914
0.16950751841068268
0.04063652083277702
0.0042237089946866035
0.1593165248632431
0.12230593711137772
0.0694097951054573
0.0046501425094902515
0.004798906855285168
0.004923343192785978
0.1292676478624344
0.005250577349215746
0.061854228377342224
0.005728448741137981
0.005978194996714592
0.006197312846779823
0.006381186190992594
0.05467214435338974
0.05609489977359772
0.0329945906996727
0.0075987293384969234
0.007993008941411972
0.032135799527168274
0.00871669314801693
0.04588986933231354
0.009473882615566254
0.009807062335312366
0.030820375308394432
0.01029728539288044
0.18435078859329224
0.029691586270928383
0.013338020071387291
0.02834072895348072
0.03915980085730553
0.04246731102466583
0.02649576961994171
0.02091188170015812
0.02190067246556282
0.025026747956871986
0.062060631811618805
0.023269591853022575
0.0593789666891098
0.07882560789585114
0.07454819977283478
0.1737804263830185
0.07219734787940979
0.030749352648854256
0.05649670213460922
0.04464076831936836
0.06733622401952744
0.056006744503974915
0.02636694349348545
0.03380436450242996
0.026870932430028915
0.026853451505303383
0.026564819738268852
0.0423106849193573
0.06526859849691391
0.02538195811212063
0.02488023228943348
0.024179698899388313
0.09563238173723221
0.029910538345575333
0.056828904896974564
0.07463910430669785
0.07489790767431259
0.0539749376475811
0.06643331795930862
0.021488752216100693
0.09780489653348923
0.021368358284235
0.06016119569540024
0.021078890189528465
0.09127368777990341
0.05190005153417587
0.0573684461414814
0.05052190646529198
0.020729314535856247
0.0869169682264328
0.11073470860719681
0.0796596109867096
0.06513279676437378
0.05329538881778717
0.04491966590285301
0.04248509928584099
0.022778019309043884
0.05476214736700058
0.08944934606552124
0.0315881073474884
0.04249946027994156
0.027318283915519714
0.025421226397156715
0.056277986615896225
0.09131738543510437
0.021211983636021614
0.056296154856681824
0.056546859443187714
0.038222573697566986
0.03808201849460602
0.028629595413804054
0.02189362607896328
0.03883572667837143
0.03872372955083847
0.02977415733039379
0.10250217467546463
0.01926092430949211
0.036863379180431366
0.01740908995270729
0.036828912794589996
0.0152725325897336
0.01413606759160757
0.031767576932907104
0.04101264476776123
0.011448603123426437
0.010789631865918636
0.010095268487930298
0.041307173669338226
0.033229973167181015
0.04255001246929169
0.008590777404606342
0.07699251174926758
0.008649701252579689
0.04545885697007179
0.03343635052442551
0.009418315254151821
0.04406696930527687
0.010013604536652565
0.043143682181835175
0.010607808828353882
0.010806160978972912
0.04205440357327461
0.03325219452381134
0.011277326382696629
0.011340387165546417
0.01121813990175724
0.04148136079311371
0.06637140363454819
0.011241094209253788
0.03814908117055893
0.011749869212508202
0.011847074143588543
0.03425769880414009
0.011715573258697987
0.034258004277944565
0.011404084973037243
0.038134798407554626
0.011042291298508644
0.010790329426527023
0.010411527939140797
0.009939131326973438
0.009408537298440933
0.008849821984767914
0.04538719728589058
0.007969960570335388
0.007621185388416052
0.007254726719111204
0.006880681961774826
0.006511833053082228
0.006157334428280592
0.15366259217262268
0.005561396945267916
0.03884953260421753
0.038957379758358
0.054758407175540924
0.005126187577843666
0.005131347570568323
0.005112860351800919
0.03800439462065697
0.005102966912090778
0.00510811572894454
0.03708433732390404
0.16826316714286804
0.00527173513546586
0.005367023404687643
0.005430977791547775
0.00546610401943326
0.00547443050891161
0.005459178239107132
0.0054249512031674385
0.0053727817721664906
0.005305181257426739
0.005224872380495071
0.005134378094226122
0.005036036483943462
0.004931922070682049
0.004823990631848574
0.004715968854725361
0.004606775473803282
0.004497505724430084
0.11909488588571548
0.00423088576644659
0.06561151146888733
0.004023538436740637
0.003954736515879631
0.003888052422553301
0.003823451930657029
0.04164840281009674
0.003753053257241845
0.0037394838873296976
0.0037209352012723684
0.003698005573824048
0.003671236103400588
0.0036411508917808533
0.0036082607693970203
0.003573034657165408
0.0035358434543013573
0.0034971078857779503
0.003457062179222703
0.0034161272924393415
0.04465802013874054
0.003375569824129343
0.0033712638542056084
0.003362124552950263
0.003348548663780093
0.0033309864811599255
0.003309988183900714
0.003285845508798957
0.003259095596149564
0.0032300374004989862
0.1879025250673294
0.003228109795600176
0.0032507688738405704
0.003267129883170128
0.04431067034602165
0.0033304092939943075
0.09295684099197388
0.003412907477468252
0.0034452409017831087
0.09256941825151443
0.003508379217237234
0.0035421631764620543
0.04358556121587753
0.04332634434103966
0.00375178549438715
0.003846329404041171
0.003927069716155529
0.04131460189819336
0.004100200720131397
0.0041905795224010944
0.004265096038579941
0.004324301145970821
0.0043683224357664585
0.004397866316139698
0.004413902293890715
0.004417419899255037
0.00440954091027379
0.004391430877149105
0.0043641310185194016
0.004328893031924963
0.004286681767553091
0.0042387694120407104
0.004186013247817755
0.004129264038056135
0.03953913226723671
0.004064881708472967
0.00405205599963665
0.12142911553382874
0.004021361004561186
0.004004467278718948
0.03991403803229332
0.039723947644233704
0.0040846699848771095
0.004145370796322823
0.0041913785971701145
0.004223313182592392
0.03781018778681755
0.03722982108592987
0.004438931588083506
0.00454571470618248
0.03494426608085632
0.004781229421496391
0.004907058551907539
0.0050096106715500355
0.005088517442345619
0.005143987946212292
0.03157566860318184
0.005283741280436516
0.030580399557948112
0.005518391728401184
0.0056415279395878315
0.005732461344450712
0.028584394603967667
0.0059343306347727776
0.006039975676685572
0.1163577139377594
0.006150385830551386
0.027076754719018936
0.006257709115743637
0.0063179899007081985
0.006341427564620972
0.006331088952720165
0.0981544479727745
0.026727106422185898
0.02662365511059761
0.0064147706143558025
0.006506228819489479
0.02584203891456127
0.006699017249047756
0.006794554181396961
0.025015875697135925
0.006991776637732983
0.007087522652000189
0.007135108113288879
0.0071379924193024635
0.007100413553416729
0.007027056999504566
0.006923033390194178
0.025027265772223473
0.025046207010746002
0.006860694848001003
0.0068999226205050945
0.0068973880261182785
0.006857140455394983
0.024862701073288918
0.006817353889346123
0.0068105352111160755
0.006767038721591234
0.0066911871545016766
0.006587634794414043
0.025574980303645134
0.006444951519370079
0.025690317153930664
0.0064506870694458485
0.02541169337928295
0.006577591877430677
0.024824483320116997
0.006807273719459772
0.006918543949723244
0.0956915095448494
0.006965070962905884
0.006916723679751158
0.024404413998126984
0.15070845186710358
0.023944078013300896
0.007333030924201012
0.0075447894632816315
0.007693151943385601
0.1321091204881668
0.00799217913299799
0.10070987045764923
0.02105632983148098
0.008703043684363365
0.019949503242969513
0.009303653612732887
0.00956054124981165
0.01862489990890026
0.009997287765145302
0.010169322602450848
0.01024459395557642
0.017824163660407066
0.010341434739530087
0.017619196325540543
0.010498120449483395
0.01053865160793066
0.010488236322999
0.01035717036575079
0.010156895965337753
0.009899311698973179
0.00959604699164629
0.009258371777832508
0.008896618150174618
0.008520480245351791
0.008137759752571583
0.09505251795053482
0.00734217744320631
0.024261409416794777
0.16830173134803772
0.025219127535820007
0.006722292397171259
0.025232667103409767
0.0068337577395141125
0.006891714408993721
0.006907106842845678
0.02499803714454174
0.00696061085909605
0.006992382928729057
0.006983007770031691
0.024905255064368248
0.006993069779127836
0.12030169367790222
0.0069444868713617325
0.006856247317045927
0.006744681391865015
0.02608839049935341
0.006591318640857935
0.006539321970194578
0.006461711600422859
0.006362483371049166
0.027395641431212425
0.006228793412446976
0.0061852457001805305
0.0061181229539215565
0.02806604839861393
0.006037939339876175
0.006017190404236317
0.09873025864362717
0.028147153556346893
0.006175594870001078
0.006281131412833929
0.006349851377308369
0.006383910309523344
0.027690641582012177
0.006473961286246777
0.027362432330846786
0.02695835754275322
0.0068669249303638935
0.007028532214462757
0.007140792440623045
0.0072054252959787846
0.00722533231601119
0.007204283960163593
0.007146460469812155
0.09158818423748016
0.006976187229156494
0.006869992706924677
0.006742351688444614
0.09882111847400665
0.006448439322412014
0.006295335944741964
0.006139666307717562
0.0059824795462191105
0.00582478940486908
0.005667374935001135
0.005511013325303793
0.0331188403069973
0.005283599719405174
0.0051998659037053585
0.005107066594064236
0.005006999243050814
0.09477356821298599
0.004839327186346054
0.0047743842005729675
0.0371134988963604
0.004695970099419355
0.07860654592514038
0.00471096346154809
0.004739435855299234
0.004756235051900148
0.004760318901389837
0.004750968888401985
0.004728010389953852
0.004691688343882561
0.004642654210329056
0.004581901710480452
0.004510612692683935
0.004430304281413555
0.004342435393482447
0.004248592536896467
0.004150251857936382
0.004048900678753853
0.003945867531001568
0.0038423785008490086
0.0037393933162093163
0.045476339757442474
0.15421569347381592
0.003579668467864394
0.0035759033635258675
0.08991342782974243
0.0035287810023874044
0.003493746742606163
0.0034590112045407295
0.003424009308218956
0.04442552477121353
0.003395023290067911
0.0033982819877564907
0.00339804170653224
0.0033940053544938564
0.003386147553101182
0.003374397987499833
0.003358841175213456
0.0033396983053535223
0.0033171295654028654
0.0032914101611822844
0.003262820653617382
0.0032315836288034916
0.003198060439899564
0.0031625365372747183
0.0031253353226929903
0.0030866556335240602
0.0030468753539025784
0.0030061393044888973
0.002964750863611698
0.002922976389527321
0.002880906220525503
0.002838716609403491
0.0027966478373855352
0.0027548610232770443
0.0027133070398122072
0.0026723905466496944
0.002632083836942911
0.0025923685170710087
0.0025533223524689674
0.0025149420835077763
0.002477346919476986
0.0024405401200056076
0.002404512371867895
0.0023693477269262075
0.05007151514291763
0.002335410797968507
0.04978037253022194
0.0023630582727491856
0.002388297114521265
0.002408546395599842
0.002423975383862853
0.002434677677229047
0.0024409296456724405
0.002443003933876753
0.0024412244092673063
0.0024358457885682583
0.002427227795124054
0.002415694063529372
0.0024015784729272127
0.0023851823061704636
0.002366762375459075
0.0023466574493795633
0.00232510082423687
0.002302363980561495
0.002278595697134733
0.0022540269419550896
0.0022288793697953224
0.002203340409323573
0.002177563961595297
0.0021516073029488325
0.002125590341165662
0.0020995878148823977
