[0. 0. 0. 0. 0. 0. 0. 0. 0. 0. 0. 0. 0. 0. 0. 0. 0. 0. 0. 0. 0. 0. 0. 0.
 0. 0. 0. 0. 0. 0. 0. 0. 0. 0. 0. 0. 0. 0. 0. 0. 0. 0. 0. 0. 0. 0. 0. 0.
 0. 0.]
[0. 0. 0. 0. 0. 0. 0. 0. 0. 0. 0. 0. 0. 0. 0. 0. 0. 0. 0. 0. 0. 0. 0. 0.
 0. 0. 0. 0. 0. 0. 0. 0. 0. 0. 0. 0. 0. 0. 0. 0. 0. 0. 0. 0. 0. 0. 0. 0.
 0. 0.]
[0.82293305 0.8312455  0.83964192 0.84812315 0.85669005 0.86534349
 0.87408433 0.88291346 0.89183178 0.90084018 0.90993958 0.91913089
 0.92841504 0.93779297 0.94726562]
[0. 0. 0. 0. 0. 0. 0. 0. 0. 0. 0. 0. 0. 0. 0. 0. 0. 0. 0. 0. 0. 0. 0. 0.
 0. 0. 0. 0. 0. 0. 0. 0. 0. 0. 0. 0. 0. 0. 0. 0. 0. 0. 0. 0. 0. 0. 0. 0.
 0. 0.]
[0. 0. 0. 0. 0. 0. 0. 0. 0. 0. 0. 0. 0. 0. 0. 0. 0. 0. 0. 0. 0. 0. 0. 0.
 0. 0. 0. 0. 0. 0. 0. 0. 0. 0. 0. 0. 0. 0. 0. 0. 0. 0. 0. 0. 0. 0. 0. 0.
 0. 0.]
[0.65908459 0.66574201 0.67246668 0.67925927 0.68612047 0.69305098
 0.7000515  0.70712273 0.71426538 0.72148018 0.72876786 0.73612915
 0.7435648  0.75107556 0.75866218 0.76632543 0.77406609 0.78188494
 0.78978277 0.79776037 0.80581856 0.81395814 0.82217994 0.83048479
 0.83887352 0.84734699 0.85590605 0.86455157 0.87328441 0.88210547
 0.89101562]
[0.78960069 0.79757646 0.80563279 0.81377049 0.8219904  0.83029333
 0.83868013 0.84715165 0.85570873 0.86435226 0.87308309 0.88190211
 0.89081021 0.89980829 0.90889727 0.91807805 0.92735156 0.93671875]
[0.82293305 0.8312455  0.83964192 0.84812315 0.85669005 0.86534349
 0.87408433 0.88291346 0.89183178 0.90084018 0.90993958 0.91913089
 0.92841504 0.93779297 0.94726562]
[0.83433054 0.84275812 0.85127082 0.85986952 0.86855507 0.87732835
 0.88619026 0.89514167 0.90418351 0.91331668 0.9225421  0.9318607
 0.94127344 0.95078125]
[0. 0. 0. 0. 0. 0. 0. 0. 0. 0. 0. 0. 0. 0. 0. 0. 0. 0. 0. 0. 0. 0. 0. 0.
 0. 0. 0. 0. 0. 0. 0. 0. 0. 0. 0. 0. 0. 0. 0. 0. 0. 0. 0. 0. 0. 0. 0. 0.
 0. 0.]
[0.81168007 0.81987886 0.82816047 0.83652572 0.84497548 0.85351058
 0.8621319  0.87084031 0.87963667 0.88852189 0.89749686 0.90656248
 0.91571968 0.92496937 0.9343125  0.94375   ]
[0.84587431 0.8544185  0.86304899 0.87176665 0.88057238 0.88946705
 0.89845156 0.90752683 0.91669377 0.9259533  0.93530637 0.94475391
 0.95429688]
[0.85756617 0.86622846 0.87497824 0.8838164  0.89274384 0.90176146
 0.91087016 0.92007087 0.92936451 0.93875203 0.94823437 0.9578125 ]
[0.83433054 0.84275812 0.85127082 0.85986952 0.86855507 0.87732835
 0.88619026 0.89514167 0.90418351 0.91331668 0.9225421  0.9318607
 0.94127344 0.95078125]
[0.83433054 0.84275812 0.85127082 0.85986952 0.86855507 0.87732835
 0.88619026 0.89514167 0.90418351 0.91331668 0.9225421  0.9318607
 0.94127344 0.95078125]
[0.83433054 0.84275812 0.85127082 0.85986952 0.86855507 0.87732835
 0.88619026 0.89514167 0.90418351 0.91331668 0.9225421  0.9318607
 0.94127344 0.95078125]
[0.83433054 0.84275812 0.85127082 0.85986952 0.86855507 0.87732835
 0.88619026 0.89514167 0.90418351 0.91331668 0.9225421  0.9318607
 0.94127344 0.95078125]
[0.83433054 0.84275812 0.85127082 0.85986952 0.86855507 0.87732835
 0.88619026 0.89514167 0.90418351 0.91331668 0.9225421  0.9318607
 0.94127344 0.95078125]
[0.83433054 0.84275812 0.85127082 0.85986952 0.86855507 0.87732835
 0.88619026 0.89514167 0.90418351 0.91331668 0.9225421  0.9318607
 0.94127344 0.95078125]
[0.84587431 0.8544185  0.86304899 0.87176665 0.88057238 0.88946705
 0.89845156 0.90752683 0.91669377 0.9259533  0.93530637 0.94475391
 0.95429688]
[0.83433054 0.84275812 0.85127082 0.85986952 0.86855507 0.87732835
 0.88619026 0.89514167 0.90418351 0.91331668 0.9225421  0.9318607
 0.94127344 0.95078125]
[0. 0. 0. 0. 0. 0. 0. 0. 0. 0. 0. 0. 0. 0. 0. 0. 0. 0. 0. 0. 0. 0. 0. 0.
 0. 0. 0. 0. 0. 0. 0. 0. 0. 0. 0. 0. 0. 0. 0. 0. 0. 0. 0. 0. 0. 0. 0. 0.
 0. 0.]
[0.597343   0.60337676 0.60947148 0.61562776 0.62184622 0.62812749
 0.63447222 0.64088103 0.64735457 0.65389351 0.66049849 0.66717019
 0.67390929 0.68071645 0.68759238 0.69453775 0.70155329 0.70863968
 0.71579766 0.72302794 0.73033125 0.73770833 0.74515993 0.7526868
 0.7602897  0.76796939 0.77572666 0.78356228 0.79147705 0.79947177
 0.80754724 0.81570429 0.82394372 0.83226639 0.84067312 0.84916477
 0.85774219 0.86640625]
[0.73681124 0.74425378 0.75177149 0.75936515 0.7670355  0.77478333
 0.78260943 0.79051457 0.79849957 0.80656522 0.81471234 0.82294176
 0.83125431 0.83965081 0.84813214 0.85669913 0.86535265 0.87409359
 0.88292282 0.89184123 0.90084973 0.90994922 0.91914063]
[0.57254575 0.57832904 0.58417075 0.59007146 0.59603178 0.6020523
 0.60813364 0.61427641 0.62048122 0.6267487  0.6330795  0.63947424
 0.64593358 0.65245816 0.65904865 0.6657057  0.67243    0.67922222
 0.68608306 0.69301319 0.70001332 0.70708416 0.71422643 0.72144083
 0.72872812 0.73608901 0.74352425 0.75103459 0.7586208  0.76628364
 0.77402388 0.7818423  0.7897397  0.79771687 0.80577461 0.81391375
 0.8221351  0.8304395  0.83882777 0.84730078 0.85585937]
[0.85756617 0.86622846 0.87497824 0.8838164  0.89274384 0.90176146
 0.91087016 0.92007087 0.92936451 0.93875203 0.94823437 0.9578125 ]
[0.85756617 0.86622846 0.87497824 0.8838164  0.89274384 0.90176146
 0.91087016 0.92007087 0.92936451 0.93875203 0.94823437 0.9578125 ]
[0.88140141 0.89030445 0.89929743 0.90838124 0.91755681 0.92682506
 0.93618693 0.94564336 0.95519531 0.96484375]
[0.83433054 0.84275812 0.85127082 0.85986952 0.86855507 0.87732835
 0.88619026 0.89514167 0.90418351 0.91331668 0.9225421  0.9318607
 0.94127344 0.95078125]
[0.6872996  0.69424202 0.70125457 0.70833795 0.71549288 0.72272008
 0.73002028 0.73739422 0.74484265 0.75236631 0.75996597 0.7676424
 0.77539636 0.78322865 0.79114005 0.79913136 0.80720339 0.81535696
 0.82359289 0.83191201 0.84031517 0.8488032  0.85737697 0.86603734
 0.87478519 0.88362141 0.89254688 0.9015625 ]
[0.85756617 0.86622846 0.87497824 0.8838164  0.89274384 0.90176146
 0.91087016 0.92007087 0.92936451 0.93875203 0.94823437 0.9578125 ]
[0.85756617 0.86622846 0.87497824 0.8838164  0.89274384 0.90176146
 0.91087016 0.92007087 0.92936451 0.93875203 0.94823437 0.9578125 ]
[0.88140141 0.89030445 0.89929743 0.90838124 0.91755681 0.92682506
 0.93618693 0.94564336 0.95519531 0.96484375]
[0.88140141 0.89030445 0.89929743 0.90838124 0.91755681 0.92682506
 0.93618693 0.94564336 0.95519531 0.96484375]
[0.85756617 0.86622846 0.87497824 0.8838164  0.89274384 0.90176146
 0.91087016 0.92007087 0.92936451 0.93875203 0.94823437 0.9578125 ]
[0.85756617 0.86622846 0.87497824 0.8838164  0.89274384 0.90176146
 0.91087016 0.92007087 0.92936451 0.93875203 0.94823437 0.9578125 ]
[0.74710048 0.75464695 0.76226964 0.76996934 0.77774681 0.78560283
 0.79353822 0.80155375 0.80965026 0.81782854 0.82608944 0.83443377
 0.8428624  0.85137616 0.85997592 0.86866254 0.87743691 0.88629991
 0.89525244 0.90429539 0.91342969 0.92265625]
[0.85756617 0.86622846 0.87497824 0.8838164  0.89274384 0.90176146
 0.91087016 0.92007087 0.92936451 0.93875203 0.94823437 0.9578125 ]
[0.84587431 0.8544185  0.86304899 0.87176665 0.88057238 0.88946705
 0.89845156 0.90752683 0.91669377 0.9259533  0.93530637 0.94475391
 0.95429688]
[0.81168007 0.81987886 0.82816047 0.83652572 0.84497548 0.85351058
 0.8621319  0.87084031 0.87963667 0.88852189 0.89749686 0.90656248
 0.91571968 0.92496937 0.9343125  0.94375   ]
[0.88140141 0.89030445 0.89929743 0.90838124 0.91755681 0.92682506
 0.93618693 0.94564336 0.95519531 0.96484375]
[0.85756617 0.86622846 0.87497824 0.8838164  0.89274384 0.90176146
 0.91087016 0.92007087 0.92936451 0.93875203 0.94823437 0.9578125 ]
