0.0
0.00662765771545256
0.29687414730825734
0.5839720096674668
0.6578245712595031
0.5011616600260173
0.38499852290896036
0.7880790896725063
0.7675334771351048
0.8298144823583303
0.8257418825313425
0.8492271730973987
0.8587807385571768
0.8491943887893926
0.8620698162991742
0.8341980468227148
0.8874556462545412
0.8832986547050503
0.8982349317282587
0.9036267068410946
0.0
0.24000774662227178
0.8445301588525561
0.9304904464868948
0.9439357439751062
0.9290458370298079
0.9135314430589339
0.925353067297045
0.9519330125036893
0.9533130612171575
0.9512699287479669
0.951816411227676
0.9536248383627839
0.9383039394788034
0.9545945442491185
0.9546760012947861
0.9546760012947861
0.9547574583404537
0.9546760012947861
0.9541237423429952
