[0. 0. 0. 0. 0. 0. 0. 0. 0. 0. 0. 0. 0. 0. 0. 0. 0. 0. 0. 0. 0. 0. 0. 0.
 0. 0. 0. 0. 0. 0. 0. 0. 0. 0. 0. 0. 0. 0. 0. 0. 0. 0. 0. 0. 0. 0. 0. 0.
 0. 0.]
[0. 0. 0. 0. 0. 0. 0. 0. 0. 0. 0. 0. 0. 0. 0. 0. 0. 0. 0. 0. 0. 0. 0. 0.
 0. 0. 0. 0. 0. 0. 0. 0. 0. 0. 0. 0. 0. 0. 0. 0. 0. 0. 0. 0. 0. 0. 0. 0.
 0. 0.]
[0. 0. 0. 0. 0. 0. 0. 0. 0. 0. 0. 0. 0. 0. 0. 0. 0. 0. 0. 0. 0. 0. 0. 0.
 0. 0. 0. 0. 0. 0. 0. 0. 0. 0. 0. 0. 0. 0. 0. 0. 0. 0. 0. 0. 0. 0. 0. 0.
 0. 0.]
[0. 0. 0. 0. 0. 0. 0. 0. 0. 0. 0. 0. 0. 0. 0. 0. 0. 0. 0. 0. 0. 0. 0. 0.
 0. 0. 0. 0. 0. 0. 0. 0. 0. 0. 0. 0. 0. 0. 0. 0. 0. 0. 0. 0. 0. 0. 0. 0.
 0. 0.]
[0.81168007 0.81987886 0.82816047 0.83652572 0.84497548 0.85351058
 0.8621319  0.87084031 0.87963667 0.88852189 0.89749686 0.90656248
 0.91571968 0.92496937 0.9343125  0.94375   ]
[0. 0. 0. 0. 0. 0. 0. 0. 0. 0. 0. 0. 0. 0. 0. 0. 0. 0. 0. 0. 0. 0. 0. 0.
 0. 0. 0. 0. 0. 0. 0. 0. 0. 0. 0. 0. 0. 0. 0. 0. 0. 0. 0. 0. 0. 0. 0. 0.
 0. 0.]
[0. 0. 0. 0. 0. 0. 0. 0. 0. 0. 0. 0. 0. 0. 0. 0. 0. 0. 0. 0. 0. 0. 0. 0.
 0. 0. 0. 0. 0. 0. 0. 0. 0. 0. 0. 0. 0. 0. 0. 0. 0. 0. 0. 0. 0. 0. 0. 0.
 0. 0.]
[0.86940792 0.87818982 0.88706043 0.89602063 0.90507135 0.91421348
 0.92344796 0.93277572 0.9421977  0.95171484 0.96132812]
[0.74710048 0.75464695 0.76226964 0.76996934 0.77774681 0.78560283
 0.79353822 0.80155375 0.80965026 0.81782854 0.82608944 0.83443377
 0.8428624  0.85137616 0.85997592 0.86866254 0.87743691 0.88629991
 0.89525244 0.90429539 0.91342969 0.92265625]
[0.86940792 0.87818982 0.88706043 0.89602063 0.90507135 0.91421348
 0.92344796 0.93277572 0.9421977  0.95171484 0.96132812]
[0.82293305 0.8312455  0.83964192 0.84812315 0.85669005 0.86534349
 0.87408433 0.88291346 0.89183178 0.90084018 0.90993958 0.91913089
 0.92841504 0.93779297 0.94726562]
[0. 0. 0. 0. 0. 0. 0. 0. 0. 0. 0. 0. 0. 0. 0. 0. 0. 0. 0. 0. 0. 0. 0. 0.
 0. 0. 0. 0. 0. 0. 0. 0. 0. 0. 0. 0. 0. 0. 0. 0. 0. 0. 0. 0. 0. 0. 0. 0.
 0. 0.]
[0.85756617 0.86622846 0.87497824 0.8838164  0.89274384 0.90176146
 0.91087016 0.92007087 0.92936451 0.93875203 0.94823437 0.9578125 ]
[0.85756617 0.86622846 0.87497824 0.8838164  0.89274384 0.90176146
 0.91087016 0.92007087 0.92936451 0.93875203 0.94823437 0.9578125 ]
[0.73681124 0.74425378 0.75177149 0.75936515 0.7670355  0.77478333
 0.78260943 0.79051457 0.79849957 0.80656522 0.81471234 0.82294176
 0.83125431 0.83965081 0.84813214 0.85669913 0.86535265 0.87409359
 0.88292282 0.89184123 0.90084973 0.90994922 0.91914063]
[0.82293305 0.8312455  0.83964192 0.84812315 0.85669005 0.86534349
 0.87408433 0.88291346 0.89183178 0.90084018 0.90993958 0.91913089
 0.92841504 0.93779297 0.94726562]
[0.78960069 0.79757646 0.80563279 0.81377049 0.8219904  0.83029333
 0.83868013 0.84715165 0.85570873 0.86435226 0.87308309 0.88190211
 0.89081021 0.89980829 0.90889727 0.91807805 0.92735156 0.93671875]
[0.86940792 0.87818982 0.88706043 0.89602063 0.90507135 0.91421348
 0.92344796 0.93277572 0.9421977  0.95171484 0.96132812]
[0.77877085 0.78663722 0.79458305 0.80260914 0.81071631 0.81890536
 0.82717713 0.83553246 0.84397218 0.85249715 0.86110823 0.8698063
 0.87859222 0.88746689 0.8964312  0.90548606 0.91463238 0.92387109
 0.93320313]
[0.86940792 0.87818982 0.88706043 0.89602063 0.90507135 0.91421348
 0.92344796 0.93277572 0.9421977  0.95171484 0.96132812]
[0.86940792 0.87818982 0.88706043 0.89602063 0.90507135 0.91421348
 0.92344796 0.93277572 0.9421977  0.95171484 0.96132812]
[0. 0. 0. 0. 0. 0. 0. 0. 0. 0. 0. 0. 0. 0. 0. 0. 0. 0. 0. 0. 0. 0. 0. 0.
 0. 0. 0. 0. 0. 0. 0. 0. 0. 0. 0. 0. 0. 0. 0. 0. 0. 0. 0. 0. 0. 0. 0. 0.
 0. 0.]
[0. 0. 0. 0. 0. 0. 0. 0. 0. 0. 0. 0. 0. 0. 0. 0. 0. 0. 0. 0. 0. 0. 0. 0.
 0. 0. 0. 0. 0. 0. 0. 0. 0. 0. 0. 0. 0. 0. 0. 0. 0. 0. 0. 0. 0. 0. 0. 0.
 0. 0.]
[0.91831091 0.92758678 0.93695634 0.94642055 0.95598035 0.96563672
 0.97539062]
[0.9309301  0.94033344 0.94983176 0.95942602 0.96911719 0.97890625]
[0.9309301  0.94033344 0.94983176 0.95942602 0.96911719 0.97890625]
[0.88140141 0.89030445 0.89929743 0.90838124 0.91755681 0.92682506
 0.93618693 0.94564336 0.95519531 0.96484375]
[0.9309301  0.94033344 0.94983176 0.95942602 0.96911719 0.97890625]
[0.91831091 0.92758678 0.93695634 0.94642055 0.95598035 0.96563672
 0.97539062]
[0.9309301  0.94033344 0.94983176 0.95942602 0.96911719 0.97890625]
[0.9309301  0.94033344 0.94983176 0.95942602 0.96911719 0.97890625]
[0.9309301  0.94033344 0.94983176 0.95942602 0.96911719 0.97890625]
[0.9309301  0.94033344 0.94983176 0.95942602 0.96911719 0.97890625]
[0.9309301  0.94033344 0.94983176 0.95942602 0.96911719 0.97890625]
[0.9309301  0.94033344 0.94983176 0.95942602 0.96911719 0.97890625]
[0.9309301  0.94033344 0.94983176 0.95942602 0.96911719 0.97890625]
[0.9309301  0.94033344 0.94983176 0.95942602 0.96911719 0.97890625]
[0.9309301  0.94033344 0.94983176 0.95942602 0.96911719 0.97890625]
[0.9309301  0.94033344 0.94983176 0.95942602 0.96911719 0.97890625]
[0.9309301  0.94033344 0.94983176 0.95942602 0.96911719 0.97890625]
[0.9309301  0.94033344 0.94983176 0.95942602 0.96911719 0.97890625]
[0.9309301  0.94033344 0.94983176 0.95942602 0.96911719 0.97890625]
