0.013557233845569824
0.19824872503427676
0.6327263546484947
0.7514441790730726
0.7557606070421516
0.8287101450279688
0.8371801811465046
0.7859260885258726
0.8301636814318692
0.8837732488978021
0.8775165171268269
0.877981238582815
0.8669917453648011
0.8448580845674164
0.8537754140517242
0.875131062715105
0.8542586044980394
0.8886276309327563
0.8823111548066167
0.8169964376013135
0.9032657467694558
0.8960911847183621
0.8808181363129945
0.9054912160186243
0.9116592495867677
0.6938994309040575
0.8215377616680334
0.8327564244755159
0.8110950515541188
0.8200226478527709
0.7899957450990783
0.8407296680230992
0.8586350361007136
0.8630374546545079
0.8476093265983806
0.7492558725937899
0.8714185149812689
0.8867471980429465
0.8308284508912811
0.8720153757600545
0.8400818749689865
0.8690504446379606
0.8380145052552034
0.8476766394314885
0.8398197298770173
0.8723855183560094
0.8882539044904779
0.8328058724226477
0.8681098133694263
0.8464693131370856
0.8003599654919283
0.866316212451536
0.8775727646576641
0.8814829311822853
0.8844350675285998
0.8965757766837927
0.8467387336150152
0.8782061298015517
0.863372309394957
0.8802303233842528
0.8941988980349851
0.8933082559024563
0.8923756517486288
0.8866308889808328
0.8724036648199385
0.8846999921741495
0.847297423442958
0.896193504798607
0.8471918321759181
0.8897110906703186
