0.0
0.0
0.0
0.0
0.0
0.0
0.0
0.0
0.0
0.0
0.0
0.0
0.0
0.0
0.0
0.0
0.0
0.0
0.0
0.0
0.0
0.0
0.0
0.0
0.0
0.0
0.0
0.0
0.0
0.0
0.0
0.0
0.0
0.0
0.0
0.0
0.0
0.0
0.0
0.0
0.0
0.0
0.0
0.0
0.0
0.0
0.0
0.0
0.0
0.0
0.0
0.0
0.0
0.0
0.0
0.0
0.0
0.0
0.0
0.0
0.0
0.0
0.0
0.0
0.0
0.0
0.0
0.0
0.0
0.0
0.0
0.0
0.0
0.0
0.0
0.0
0.0
0.0
0.0
0.0
0.0
0.0
0.0
0.0
0.0
0.0
0.0
0.0
0.0
0.0
0.0
0.0
0.0
0.0
0.0
0.0
0.0
0.0
0.0
0.0
0.0
0.0
0.0
0.0
0.0
0.0
0.0
0.0
0.0
0.0
0.0
0.0
0.0
0.0
0.0
0.0
0.0
0.0
0.0
0.0
0.0
0.0
0.0
0.0
0.0
0.0
0.0
0.0
0.0
0.0
0.0
0.0
0.0
0.0
0.0
0.0
0.0
0.0
0.0
0.0
0.0
0.0
0.0
0.0
0.0
0.0
0.0
0.0
0.0
0.0
0.0
0.0
0.0
0.0
0.0
0.0
0.0
0.0
0.0
0.0
0.0
0.0
0.0
0.0
0.0
0.0
0.0
0.0
0.0
0.0
0.0
0.0
0.0
0.0
0.0
0.0
0.0
0.0
0.0
0.0
0.0
0.0
0.0
0.0
0.0
0.0
0.0
0.0
0.0
0.0
0.0
0.0
0.0
0.0
0.0
0.0
0.0
0.0
0.0
0.0
0.0
0.0
0.0
0.0
0.0
0.0
0.0
0.0
0.0
0.0
0.0
0.0
0.0
0.0
0.0
0.0
0.0
0.0
0.0
0.0
0.0
0.0
0.0
0.0
0.0
0.0
0.0
0.0
0.0
0.0
0.0
0.0
0.0
0.0
0.0
0.0
0.0
0.0
0.0
0.0
0.0
0.0
0.0
0.0
0.0
0.0
0.0
0.0
0.0
0.0
0.0
0.0
0.0
0.0
0.0
0.0
0.0
0.0
0.0
0.0
0.0
0.0
0.0
0.0
0.0
0.0
0.0
0.0
0.0
0.0
0.0
0.0
0.0
0.0
0.0
0.0
0.0
0.0
0.0
0.0
0.0
0.0
0.0
0.0
0.0
0.0
0.0
0.0
0.0
0.0
0.0
0.0
0.0
0.0
0.0
0.0
0.0
0.0
0.0
0.0
0.0
0.0
0.0
0.0
0.0
0.0
0.0
0.0
0.0
0.0
0.0
0.0
0.0
0.0
0.0
0.0
0.0
0.0
0.0
0.0
0.0
0.0
0.0
0.0
0.0
0.0
0.0
0.0
0.0
0.0
0.0
0.0
0.0
0.0
0.0
0.0
0.0
0.0
0.0
0.0
0.0
0.0
0.0
0.0
0.0
0.0
0.0
0.0
0.0
0.0
0.0
0.0
0.0
0.0
0.0
0.0
0.0
0.0
0.0
0.0
0.0
0.0
0.0
0.0
0.0
0.0
0.0
0.0
0.0
0.0
0.0
0.0
0.0
0.0
0.0
0.0
0.0
0.0
0.0
0.0
0.0
0.0
0.0
0.0
0.0
0.0
0.0
0.0
0.0
0.0
0.0
0.0
0.0
0.0
0.0
0.0
0.0
0.0
0.0
0.0
0.0
0.0
0.0
0.0
0.0
0.0
0.0
0.0
0.0
0.0
0.0
0.0
0.0
0.0
0.0
0.0
0.0
0.0
0.0
0.0
0.0
0.0
0.0
0.0
0.0
0.0
0.0
0.0
0.0
0.0
0.0
0.0
0.0
0.0
0.0
0.0
0.0
0.0
0.0
0.0
0.0
0.0
0.0
0.0
0.0
0.0
0.0
0.0
0.0
0.0
0.0
0.0
0.0
0.0
0.0
0.0
0.0
0.0
0.0
0.0
0.0
0.0
0.0
0.0
0.0
0.0
0.0
0.0
0.0
0.0
0.0
0.0
0.0
0.0
0.0
0.0
0.0
0.0
0.0
0.0
0.0
0.0
0.0
0.0
0.0
0.0
0.0
0.0
0.0
0.0
0.0
0.0
0.0
0.0
0.0
0.0
0.0
0.0
0.0
0.0
0.0
0.0
0.0
0.0
0.0
0.0
0.0
0.0
0.0
0.0
0.0
0.0
0.0
0.0
0.0
0.0
0.0
0.0
0.0
0.0
0.0
0.0
0.0
0.0
0.0
0.0
0.0
0.0
0.0
0.0
0.0
0.0
0.0
0.0
0.0
0.0
0.0
0.0
0.0
0.0
0.0
0.0
0.0
0.0
0.0
0.0
0.0
0.0
0.0
0.0
0.0
0.0
0.0
0.0
0.0
0.0
0.0
0.0
0.0
0.0
0.0
0.0
0.0
0.0
0.0
0.0
0.0
0.0
0.0
0.0
0.0
0.0
0.0
0.0
0.0
0.0
0.0
0.0
0.0
0.0
0.0
0.0
0.0
0.0
0.0
0.0
0.0
0.0
0.0
0.0
0.0
0.0
0.0
0.0
0.0
0.0
0.0
0.0
0.0
0.0
0.0
0.0
0.0
0.0
0.0
0.0
0.0
0.0
0.0
0.0
0.0
0.0
0.0
0.0
0.0
0.0
0.0
0.0
0.0
0.0
0.0
0.0
0.0
0.0
0.0
0.0
0.0
0.0
0.0
0.0
0.0
0.0
0.0
0.0
0.0
0.0
0.0
0.0
0.0
0.0
0.0
0.0
0.0
0.0
0.0
0.0
0.0
0.0
0.0
0.0
0.0
0.0
0.0
0.0
0.0
0.0
0.0
0.0
0.0
0.0
0.0
0.0
0.0
0.0
0.0
0.0
0.0
0.0
0.0
0.0
0.0
0.0
0.0
0.0
0.0
0.0
0.0
0.0
1.0196688175201416
0.0
0.0
0.0
0.0
0.0
0.0
0.0
0.0
0.0
0.0
0.0
0.0
0.0
0.0
0.0
0.0
0.0
0.8738211989402771
1.393725037574768
0.0
0.0
0.6793498992919922
0.0
0.0
0.0
0.0
0.0
0.0
1.0607830286026
0.0
1.2000696659088135
0.0
1.2033209800720215
0.0
0.0
0.0
0.0
0.0
0.0
0.0
1.4499669075012207
0.0
0.0
0.0
0.0
0.0
0.0
0.0
0.0
0.0
0.0
0.0
1.9664918184280396
0.0
0.0
0.0
0.7220025658607483
1.7117685079574585
0.0
0.0
0.0
0.0
0.0
0.0
0.0
0.9780616164207458
0.0
0.0
0.0
0.5166827440261841
0.0
0.0
0.5044317841529846
0.8234267830848694
0.0
0.3892964720726013
0.3043316602706909
0.4337725043296814
2.7467544078826904
0.25447601079940796
0.0
0.35207095742225647
0.35558533668518066
0.3936196565628052
0.2440602034330368
0.0
0.0
0.33711376786231995
0.24076907336711884
0.32006901502609253
0.29749298095703125
0.9708525538444519
0.23711301386356354
0.19223755598068237
0.19955943524837494
0.183028444647789
4.884871006011963
0.15720103681087494
0.1574125736951828
1.5832252502441406
0.12904785573482513
0.15506121516227722
0.15378259122371674
0.0
0.0
0.1190669983625412
0.0
0.0
0.10408177971839905
0.0
0.11863905191421509
0.10769877582788467
0.10289901494979858
2.142448902130127
0.06878442317247391
0.08922520279884338
0.08238089829683304
0.0
0.05889759957790375
0.0
0.044089656323194504
0.0726221427321434
2.207751512527466
0.0662224069237709
0.10108982026576996
0.11514007300138474
1.708027720451355
0.0
0.13920219242572784
3.682234764099121
0.0
0.18723522126674652
0.22200742363929749
0.0
0.0
0.0
0.0
0.0
0.0
0.0
0.0
0.0
0.0
0.40585148334503174
0.0
0.0
0.0
0.0
0.0
0.792663037776947
0.3934496343135834
0.0
2.1822752952575684
0.0
0.0
0.2612449526786804
0.26591354608535767
0.2711849808692932
0.0
0.2774829566478729
0.0
2.1878631114959717
0.0
0.20939907431602478
0.32620763778686523
0.0
0.0
0.313417911529541
0.17599177360534668
0.0
0.24078215658664703
0.24673886597156525
0.0
0.2160315215587616
0.19900043308734894
0.14047856628894806
0.09990521520376205
1.8644781112670898
0.1584121137857437
0.15563327074050903
0.14709079265594482
0.11365130543708801
0.12883993983268738
0.11489008367061615
0.0
0.10371304303407669
0.10121940076351166
0.08982661366462708
0.08304642885923386
4.885217666625977
0.06427600979804993
0.07523608207702637
0.0
0.07025431096553802
0.0655016079545021
0.06474558264017105
0.06767398118972778
0.06483970582485199
0.0724443718791008
0.0715206190943718
0.07126045227050781
0.07137265801429749
0.06761316955089569
0.07233025878667831
0.06932100653648376
0.0678948238492012
0.08459602296352386
0.09069554507732391
0.10064046084880829
0.0
4.156669616699219
0.08032453805208206
0.12634147703647614
0.12547817826271057
0.13920393586158752
0.0
0.1506495624780655
0.11070792376995087
0.1449214518070221
0.08252990245819092
0.0
0.1145004853606224
0.11363543570041656
0.09146295487880707
0.10287518054246902
0.06918424367904663
0.09017079323530197
0.06038378179073334
0.08204648643732071
0.07281740754842758
0.07645014673471451
0.07248096913099289
0.0
0.06747891008853912
0.06403268873691559
0.06245685741305351
0.055832743644714355
0.05628790706396103
0.05424397811293602
0.052553288638591766
0.03646291047334671
0.045164745301008224
0.04445478320121765
0.03424300625920296
0.03968730568885803
0.02462013065814972
0.03702136129140854
0.03486991301178932
0.03584219515323639
0.03578699752688408
0.03485741838812828
0.036008790135383606
0.03521677851676941
0.03717413544654846
0.03803643211722374
0.03713995963335037
0.036544494330883026
0.027082491666078568
0.038859203457832336
4.022890567779541
0.0410170704126358
0.043046046048402786
0.044577039778232574
0.04303063452243805
0.04987560957670212
0.0
0.0568971112370491
0.05982436239719391
0.06208996847271919
0.0502665713429451
0.0
0.07763536274433136
0.04885758087038994
0.08670026808977127
0.061232566833496094
0.06099093332886696
0.05244271084666252
0.0
0.0746944323182106
0.06849673390388489
0.04415687918663025
0.05228601023554802
0.03184756636619568
0.038187749683856964
4.226511001586914
0.027458110824227333
0.02581099420785904
0.021900508552789688
0.01989314891397953
0.02094428986310959
0.019465798512101173
0.01839006319642067
0.015461534261703491
0.015798453241586685
0.018489699810743332
0.01936560496687889
0.020225699990987778
0.021814623847603798
0.02336770109832287
0.016552116721868515
0.028039587661623955
0.027733299881219864
0.021948423236608505
0.033503178507089615
0.03175387158989906
0.03290826454758644
0.03195568546652794
0.03067433461546898
0.02823432721197605
0.017587825655937195
0.026488695293664932
0.02457854337990284
3.1080949306488037
0.02439950592815876
0.023105347529053688
0.019807346165180206
0.022641459479928017
0.021109648048877716
0.0200276467949152
2.231661796569824
0.017354169860482216
0.01496491115540266
0.014574126340448856
0.014519184827804565
0.011837967671453953
0.013350293040275574
0.010289010591804981
0.010619760490953922
4.001400947570801
0.009902512654662132
0.011801823042333126
0.011530988849699497
0.011451716534793377
0.0
0.011506427079439163
0.01270725205540657
3.195117712020874
0.012306950986385345
0.015417088754475117
0.016679497435688972
0.016723863780498505
0.013258025050163269
0.0
0.01616504043340683
0.010901296511292458
0.016459638252854347
0.01970023103058338
0.020042872056365013
0.018749544396996498
0.01964016631245613
0.019214125350117683
0.0
0.013531213626265526
0.018406854942440987
0.016077835112810135
0.016412079334259033
0.015952764078974724
0.012344792485237122
0.012966516427695751
0.013991202227771282
0.012405221350491047
0.014645040035247803
0.013922111131250858
0.01528172753751278
0.01365268137305975
0.016602125018835068
0.016446871683001518
0.017519671469926834
0.01656077429652214
0.018915493041276932
0.020456602796912193
0.018922962248325348
0.02164224535226822
0.022285982966423035
0.02368125505745411
0.02217015251517296
0.02198461815714836
0.0
0.023952197283506393
0.023798927664756775
0.0
0.02214675024151802
5.533036231994629
0.023983124643564224
0.024895519018173218
0.0237202700227499
0.026118488982319832
0.024309052154421806
0.023270905017852783
0.02298971451818943
0.02379256673157215
0.01949966326355934
0.022587215527892113
0.021037904545664787
0.0223426204174757
0.022188376635313034
0.02194046787917614
0.02322523109614849
2.5697596073150635
0.020044401288032532
0.024466462433338165
0.024918504059314728
0.02613489329814911
0.026494011282920837
0.021262316033244133
0.02664291486144066
0.019017979502677917
0.0217015128582716
0.01908530294895172
0.0186365507543087
0.014139709062874317
0.014966492541134357
0.016351517289876938
0.011974034830927849
0.014876026660203934
0.013894707895815372
0.012303188443183899
0.012932774610817432
0.013382188975811005
0.01425029244273901
0.011099601164460182
0.014027999714016914
0.010632980614900589
0.014191691763699055
0.01928791031241417
0.021138271316885948
0.0
0.02500895969569683
0.02567937970161438
0.027241015806794167
0.03050801530480385
0.03274070844054222
0.030374659225344658
0.03128409385681152
0.031925491988658905
0.0
0.024113502353429794
0.030929941684007645
0.02168567106127739
0.0
0.027270019054412842
0.026503754779696465
0.026410985738039017
0.026956377550959587
0.023577304556965828
0.0
0.02816934697329998
0.02792998030781746
0.02496930956840515
0.029781179502606392
0.03046521358191967
0.020160911604762077
0.03005553036928177
2.5462238788604736
0.032691460102796555
0.0327022522687912
0.033505503088235855
0.03019081987440586
0.03156402334570885
0.03201131150126457
0.03142526373267174
0.0283849835395813
0.027117842808365822
0.023937221616506577
0.027389133349061012
0.026014845818281174
0.020481368526816368
0.022835226729512215
0.017957963049411774
0.0205308198928833
0.02033325284719467
0.015889795497059822
0.018105389550328255
0.019632602110505104
0.016256514936685562
0.012488984502851963
3.9004602432250977
0.01642950065433979
0.017719721421599388
0.013534941710531712
0.0
0.01702895201742649
0.01193072460591793
0.01434343121945858
0.015556438826024532
0.014363613910973072
0.016096509993076324
0.015442498959600925
0.01687079481780529
0.01517924852669239
0.013253491371870041
0.01187985111027956
0.01731879636645317
0.014226268045604229
0.01802586019039154
0.0166177898645401
0.01643858104944229
0.018632827326655388
0.01910426840186119
0.0
0.02008643001317978
0.018116947263479233
0.02063961699604988
0.022863730788230896
0.015127981081604958
0.019724585115909576
0.0
0.021985026076436043
0.01459987461566925
0.0211852565407753
0.016009850427508354
0.01829918473958969
0.017596615478396416
0.013088570907711983
0.013198485597968102
0.014348683878779411
0.00947081483900547
0.0093848817050457
0.012724092230200768
0.0
0.0
0.011012546718120575
0.014382538385689259
0.014516443945467472
0.012116550467908382
0.010365063324570656
0.014089792035520077
0.0156395323574543
0.013735762797296047
0.015428288839757442
0.0
0.017252087593078613
0.015636108815670013
0.015440670773386955
0.018480349332094193
0.019883297383785248
0.018863951787352562
0.02106139436364174
0.018022336065769196
0.019882895052433014
0.02202743850648403
0.01973883807659149
0.018916554749011993
0.017995737493038177
0.018707677721977234
0.019603556022047997
0.017633406445384026
0.01609800010919571
0.010711678303778172
0.016518335789442062
0.01727362349629402
0.01594972051680088
0.014512901194393635
0.015604746527969837
0.016074752435088158
0.012781964614987373
0.013487332500517368
0.01242049690335989
0.01392073929309845
0.010676800273358822
0.0113020408898592
0.01247377134859562
0.00991345290094614
0.012260375544428825
0.0
0.011623979546129704
0.009108662605285645
0.011850893497467041
0.01190148014575243
0.008440789766609669
0.0126057593151927
0.010677257552742958
0.008219940587878227
0.00823874119669199
0.012558733113110065
0.0
0.00972309336066246
0.0
0.011504186317324638
0.007353218737989664
0.008046461269259453
0.0
0.010371684096753597
0.00855586864054203
0.0
0.010441673919558525
0.009721046313643456
0.007415972650051117
0.0
0.008890525437891483
0.008565114811062813
0.009968127124011517
0.010476037859916687
0.0
0.0
0.010940438136458397
0.010193046182394028
0.012642605230212212
0.01141711138188839
0.013603734783828259
0.014592996798455715
0.015117011964321136
0.01013106293976307
0.014859065413475037
0.014196373522281647
0.0
0.015018452890217304
0.014208417385816574
0.012938760221004486
0.015315311960875988
0.014784644357860088
0.014742092229425907
0.015101692639291286
0.015884162858128548
0.014803771860897541
0.016961434856057167
0.016163237392902374
0.0
0.01640610583126545
0.01672009751200676
0.015819426625967026
0.017405491322278976
0.018011650070548058
0.0164998397231102
0.016103211790323257
0.017610818147659302
0.01475317683070898
0.012193514965474606
0.01748100481927395
0.017288703471422195
0.012393237091600895
0.016072964295744896
0.01675095409154892
0.01549395453184843
0.0
2.355057716369629
0.015320277772843838
0.01584930717945099
0.01006679330021143
0.0
3.350980043411255
0.0164103452116251
0.01738026551902294
0.017146224156022072
0.017563482746481895
0.019346551969647408
0.018332375213503838
0.02149856463074684
0.021330976858735085
0.020864730700850487
0.01772516779601574
0.020172305405139923
0.019491594284772873
0.017749374732375145
0.017881985753774643
0.013374811969697475
0.017204247415065765
0.017466910183429718
0.015101592987775803
0.016123615205287933
0.01678764633834362
0.0
0.015932638198137283
0.016904808580875397
0.017792901024222374
0.016517508774995804
0.015007083304226398
0.018274608999490738
0.01597653143107891
0.017178688198328018
2.156095027923584
0.0161188505589962
0.016348842531442642
0.014149315655231476
0.015594961121678352
0.014970676973462105
0.01578584499657154
0.013245471753180027
0.012880511581897736
0.014103012159466743
0.0
0.0142659991979599
0.011971402913331985
0.014836834743618965
0.013910481706261635
0.0
0.015746260061860085
0.015234250575304031
0.010900069959461689
0.015176026150584221
0.012318993918597698
0.014686398208141327
0.01332339458167553
0.01542791910469532
0.012324108742177486
0.012320025824010372
0.011551530100405216
0.011021173559129238
0.0
0.011061090975999832
0.0092759495601058
0.011570965871214867
0.007289609871804714
0.0
0.010255404748022556
0.008144312538206577
0.009691782295703888
0.006590397097170353
2.70705246925354
0.00774166127666831
0.01083595585078001
0.009116511791944504
0.011445297859609127
0.009895163588225842
0.012885955162346363
0.01190455723553896
0.012768153101205826
0.011085707694292068
0.0
0.014392662793397903
0.011953845620155334
0.015466252341866493
0.015089476481080055
0.011824492365121841
0.010757625102996826
0.012534720823168755
0.0
0.012482563965022564
0.010441848076879978
0.0
0.010651236400008202
0.009418267756700516
0.011159730143845081
0.011269818991422653
0.010985379107296467
0.010847656987607479
0.010345653630793095
0.011452337726950645
0.013245798647403717
0.013382933102548122
0.012368492782115936
0.012752050533890724
2.9576034545898438
0.01569482684135437
0.017764152958989143
0.01269261259585619
0.015604330226778984
0.016908474266529083
0.015749048441648483
0.016052838414907455
0.016469638794660568
0.01628807745873928
0.016604198142886162
0.01362524926662445
0.01692214235663414
0.01859443262219429
0.020989524200558662
0.020097995176911354
0.01504378393292427
0.021540913730859756
0.025244109332561493
0.026202645152807236
0.02638307213783264
0.027060242369771004
0.02824438363313675
0.020405897870659828
0.02984626591205597
0.030642647296190262
0.03165543079376221
0.03286886587738991
0.03379923477768898
0.034669458866119385
0.03027646616101265
0.03707588091492653
0.03610475733876228
0.03767576068639755
0.0368943065404892
0.036839451640844345
0.037532735615968704
0.0349419005215168
0.022948265075683594
0.03660120442509651
0.03553704172372818
0.03492365777492523
0.03409411385655403
0.03407852724194527
0.030638569965958595
0.03125620633363724
0.029367366805672646
0.028576863929629326
0.025942077860236168
0.024207018315792084
0.02505512721836567
0.020864851772785187
0.021674109622836113
0.02095838449895382
0.018244966864585876
0.015739306807518005
0.01630704663693905
0.018363863229751587
0.017941780388355255
0.01835189387202263
0.017475981265306473
0.0
0.01855594478547573
0.019047236070036888
0.019525229930877686
0.018632037565112114
0.020410804077982903
0.0
0.021853018552064896
0.021720461547374725
0.02329612337052822
0.021649522706866264
0.023328382521867752
0.025820599868893623
0.024593932554125786
0.026915699243545532
0.025944719091057777
0.024955783039331436
0.027509357780218124
0.025466717779636383
0.028695015236735344
0.02475227788090706
0.02550278790295124
0.024157239124178886
0.020960763096809387
0.021533802151679993
0.018905682489275932
0.018110966309905052
0.0
0.015596132725477219
0.015301316976547241
0.014566860161721706
0.014974539168179035
4.410429954528809
0.014734593220055103
0.013826234266161919
0.015235928818583488
0.01563626155257225
0.016206704080104828
0.01693948730826378
0.016415124759078026
0.018750406801700592
0.019403226673603058
0.019910290837287903
0.021768447011709213
0.022999707609415054
2.821030616760254
0.025015009567141533
0.024745628237724304
0.02653924748301506
0.01814950443804264
0.02801547758281231
0.02923726849257946
0.025626664981245995
0.029231049120426178
0.0285714752972126
0.02636936865746975
0.027342287823557854
0.026811642572283745
0.025181416422128677
0.026050085201859474
0.01824837550520897
0.026675665751099586
0.021901868283748627
0.02603917010128498
0.024655630812048912
0.02371583878993988
0.02351003885269165
0.02235737442970276
0.02220473252236843
0.021316654980182648
0.01957332342863083
0.020114781334996223
0.01957954280078411
0.019450068473815918
0.019927773624658585
0.019290456548333168
0.01995076984167099
0.019652491435408592
0.01876681111752987
0.013842458836734295
0.020609064027667046
0.022725628688931465
0.023247644305229187
0.0
0.02545425295829773
0.026792986318469048
0.02611377090215683
0.027876248583197594
0.027199512347579002
0.02844669111073017
0.02873937413096428
0.029203273355960846
0.02861701510846615
0.028755463659763336
0.024447182193398476
0.02900206856429577
0.0
0.02960415929555893
0.029688730835914612
0.029123878106474876
0.029472459107637405
0.029765011742711067
0.029818903654813766
0.029641341418027878
0.029374759644269943
0.029980171471834183
0.029932495206594467
0.030028674751520157
0.03024839423596859
0.030563050881028175
0.029704710468649864
0.020137844607234
0.029609963297843933
0.028458746150135994
0.027267688885331154
4.456888675689697
0.01940840482711792
0.02538742870092392
0.026475844904780388
0.02592344582080841
0.025288881734013557
0.02506471611559391
0.024765759706497192
0.024325905367732048
0.01455260906368494
0.0219862200319767
0.015400423668324947
0.02045843005180359
0.02043893374502659
0.017264358699321747
0.018360299989581108
0.01686629094183445
0.01609967090189457
0.012539812363684177
0.013436608947813511
0.011869467794895172
0.010690410621464252
0.010078873485326767
0.009123288094997406
0.006663658656179905
0.008082212880253792
0.006808924488723278
0.006102055311203003
0.004382099956274033
0.004136355128139257
0.0
0.005328629165887833
0.0
0.004919993691146374
0.004500352777540684
0.004417657386511564
0.0051766857504844666
0.004326288588345051
0.005404653958976269
0.005407450255006552
0.005518279038369656
0.005402376875281334
0.006451515015214682
0.0062726023606956005
0.007035538088530302
0.006764211226254702
0.007779891137033701
0.007383388467133045
0.0
0.0073241861537098885
0.008972452022135258
0.008038787171244621
0.009037119336426258
0.008039742708206177
0.009415208362042904
0.009634928777813911
0.0
0.009939629584550858
0.010745551437139511
0.010538690723478794
0.01142593752592802
0.011747414246201515
0.012709764763712883
0.012965502217411995
0.01301225833594799
0.01297268457710743
0.013618454337120056
0.013830063864588737
0.011659909971058369
0.013101530261337757
0.01236735936254263
0.010582511313259602
0.010660220868885517
0.010711971670389175
0.008460133336484432
0.009028847329318523
0.008584985509514809
0.008385301567614079
0.008119912818074226
0.007891028188169003
0.007984560914337635
0.0060421498492360115
0.0074497307650744915
0.007602233439683914
0.005036723334342241
0.007330356165766716
0.006177496165037155
0.006660827901214361
0.00619108323007822
0.005873159971088171
0.005888818763196468
0.004736640024930239
0.005807051435112953
0.005831138696521521
0.005095558241009712
0.005762709770351648
0.005085631739348173
0.005973896477371454
0.005584114231169224
0.005937361158430576
0.005329442676156759
0.006399179808795452
0.005915278568863869
0.006858580280095339
0.006570916157215834
0.007196872495114803
0.006824307143688202
0.007608686573803425
0.007833068259060383
0.00819071289151907
0.008032985962927341
0.00891648605465889
0.008046060800552368
0.008623233996331692
0.009026078507304192
0.008673720993101597
0.008522991091012955
0.008523822762072086
0.008850984275341034
0.008732474409043789
0.008826934732496738
0.008064424619078636
0.008174428716301918
0.008697595447301865
0.008450319990515709
0.007756125181913376
0.008014483377337456
0.008190580643713474
0.00785017479211092
0.008178558200597763
0.008197607472538948
0.00840533897280693
0.008802480064332485
0.008473897352814674
0.009118404239416122
0.009276112541556358
0.008794918656349182
0.00950724259018898
0.009473662823438644
0.009307976812124252
0.009128518402576447
0.009440314024686813
0.008101173676550388
0.010167906060814857
0.011133240535855293
0.01196293719112873
0.012603702954947948
0.0
0.009648914448916912
0.014752746559679508
0.014710525050759315
0.015088303945958614
0.01598151959478855
0.016520041972398758
0.017118673771619797
0.017770787701010704
0.018461868166923523
0.01917782425880432
0.019909532740712166
0.02036459557712078
0.02115406095981598
0.02165568433701992
3.236232280731201
0.023174241185188293
0.023814240470528603
0.0247421283274889
0.025256605818867683
0.017396803945302963
0.02468932792544365
0.02500164695084095
0.024614496156573296
0.017390243709087372
0.01573195308446884
0.02396606095135212
0.02372727170586586
0.023511696606874466
0.02300048992037773
0.015537776052951813
0.023973938077688217
0.02461693063378334
0.02287379279732704
0.016112234443426132
0.026773180812597275
0.027972841635346413
0.028271052986383438
0.028957435861229897
0.028767071664333344
0.02858673967421055
0.028456641361117363
0.027548491954803467
0.026769092306494713
0.02579381875693798
0.017396925017237663
0.02360823191702366
0.0180252343416214
0.02837911620736122
0.030450288206338882
0.03065154328942299
0.03506730869412422
0.024713782593607903
0.0
0.041903916746377945
0.0435364805161953
0.03109878860414028
0.04640071466565132
0.04752128943800926
0.04797399416565895
0.04778578132390976
0.03323298320174217
0.04656856134533882
0.04610803350806236
0.04457828402519226
0.0388069823384285
0.03991176187992096
0.03712988272309303
0.035802751779556274
0.03360581398010254
0.03203517571091652
0.030133560299873352
0.0284578837454319
0.026996539905667305
0.025771910324692726
0.024803070351481438
3.8276360034942627
0.022119872272014618
0.021991483867168427
0.020923562347888947
0.020113084465265274
0.018990660086274147
0.018539588898420334
0.01813850738108158
0.01606120355427265
0.016367409378290176
0.015691738575696945
0.014442380517721176
0.014183779247105122
0.012946462258696556
0.013208488002419472
0.0
0.012424543499946594
0.01209420058876276
0.011401401832699776
0.011392302811145782
0.011802694760262966
0.011108987033367157
0.011290413327515125
0.011362235061824322
0.01120893843472004
0.01138963270932436
0.011486954987049103
0.011806425638496876
0.011920001357793808
0.012407545931637287
0.012319508008658886
0.013103602454066277
4.0306315422058105
0.014196813106536865
0.015009362250566483
0.015898192301392555
0.016852108761668205
0.01786530762910843
0.01891084387898445
0.019967157393693924
0.015687422826886177
0.016248220577836037
0.025469277054071426
0.02741354890167713
0.02957182377576828
0.031037313863635063
0.032154154032468796
0.0
0.0336221344769001
0.03394010663032532
0.03388911485671997
0.03350108116865158
0.032787613570690155
0.031815867871046066
0.03065798617899418
0.020755672827363014
0.018651586025953293
0.02629716694355011
0.018440622836351395
0.023909518495202065
0.016847550868988037
0.02181902341544628
0.014531525783240795
0.020521847531199455
0.020169466733932495
0.019268160685896873
0.018852803856134415
0.018005017191171646
0.012368532828986645
0.016566472128033638
0.015968669205904007
0.012049399316310883
0.015442999079823494
0.015442169271409512
0.015447973273694515
0.015456264838576317
0.015461654402315617
0.015458752401173115
0.015449217520654202
0.015217526815831661
0.014920243062078953
0.014587334357202053
0.013915118761360645
0.013444790616631508
0.01288015116006136
0.012405059300363064
0.012009148485958576
0.011685372330248356
0.011425024829804897
0.008156457915902138
0.011252150870859623
0.008569993078708649
0.008546876721084118
0.01271100901067257
0.013452666811645031
0.01070172805339098
0.015199233777821064
0.016175122931599617
0.011687078513205051
0.016330169513821602
0.012193864211440086
0.015577318146824837
0.015425587072968483
0.015195917338132858
0.014899502508342266
0.014349800534546375
0.013971289619803429
0.009875181131064892
0.01293487474322319
0.012301523238420486
0.008257054723799229
0.01175004430115223
0.011619041673839092
0.011458604596555233
0.010671847499907017
0.010274508967995644
0.009534603916108608
0.008685448206961155
0.008082794025540352
0.007499499246478081
0.00703352689743042
0.006664563436061144
0.006378927268087864
0.0061633531004190445
4.982745170593262
0.0061194091103971004
0.006172638852149248
0.006259329617023468
0.006300221662968397
0.006213922519236803
0.006031251512467861
0.0060427142307162285
0.005874814931303263
0.005688478238880634
0.005507262889295816
0.005209176801145077
0.005145841743797064
0.004913166631013155
0.004664273466914892
0.004616192542016506
0.0043976628221571445
0.004370530601590872
0.004381962586194277
0.004047604743391275
0.004182680509984493
0.002598012564703822
0.003923279698938131
0.004268786404281855
0.004231060855090618
0.00392048479989171
0.004164435435086489
0.0041153221391141415
0.003814846510067582
0.003814432304352522
0.003765497822314501
0.003849518019706011
0.0038201252464205027
0.0036907598841935396
0.0037886383943259716
0.003972652368247509
0.004134682472795248
0.003966104239225388
0.0042564175091683865
0.004697447642683983
0.0045711263082921505
0.004933335818350315
0.005023983772844076
0.0052815708331763744
0.005447215400636196
0.005895799957215786
0.006445672363042831
0.006772554013878107
0.007419487927109003
0.007915308699011803
0.008436832576990128
0.008857603184878826
0.00945956725627184
0.009812021628022194
0.010200494900345802
0.010629057884216309
0.010910962708294392
0.011188722215592861
0.011459019035100937
0.011720610782504082
0.011968935839831829
0.012194459326565266
0.01239386573433876
0.012563423253595829
0.012702717445790768
0.011630799621343613
0.012793507426977158
0.009271688759326935
0.012710179202258587
0.012647165916860104
0.012568812817335129
0.012477193027734756
0.012202564626932144
0.012087916024029255
0.011820935644209385
0.011570951901376247
0.011337965726852417
0.008198096416890621
0.011104979552328587
0.011078862473368645
0.011042380705475807
0.010994705371558666
0.01093459315598011
0.010864531621336937
0.008060955442488194
0.011281585320830345
0.011715221218764782
0.01207547914236784
0.012357383966445923
0.012557619251310825
0.012674111872911453
0.012708935886621475
0.009468856267631054
0.012710179202258587
0.012672039680182934
0.012558862566947937
0.0
0.009263286367058754
0.012334996834397316
0.012354896403849125
0.009315770119428635
0.012446100823581219
0.0
0.012541865929961205
0.01247926615178585
0.012316755950450897
0.008894233033061028
0.01174797210842371
0.011369473300874233
0.008183677680790424
0.010965270921587944
0.01074844691902399
0.010597551241517067
0.007774560712277889
0.010012184269726276
0.009727791883051395
0.009415623731911182
0.009086458012461662
0.00875065941363573
0.008415275253355503
0.007975973188877106
0.0076246983371675014
0.007207644637674093
0.004967460408806801
0.006502468138933182
0.006211442407220602
0.005957728251814842
0.005737593863159418
0.004206270445138216
0.005637268535792828
0.004216853529214859
0.005928294267505407
0.0061169215478003025
0.006196764763444662
0.006289795506745577
0.0062806750647723675
0.006255386862903833
0.006215588189661503
0.0
0.004507165402173996
0.006154232658445835
0.006170815322548151
0.0061633531004190445
0.006133504211902618
0.006082927342504263
0.0060136946849524975
0.004309049341827631
0.005827968940138817
0.0057164509780704975
0.005596226546913385
0.005469369236379862
0.005338781047612429
0.0052057052962481976
0.005003129132091999
0.004831352271139622
0.004613290540874004
0.0
0.0
0.0
0.0
0.0
0.0
0.0
0.0
0.0
0.0
0.0
0.0
0.0
0.0
0.0
0.0
0.0
0.14384609460830688
0.0
0.0
0.0
0.08779638260602951
0.0
0.0
0.0
0.0
0.07166179269552231
1.751743197441101
0.0
0.0
0.0
0.0
0.08280681818723679
0.0
1.3922849893569946
0.0
0.13684271275997162
0.0
0.0
0.0
0.0
0.15767423808574677
0.0
0.20313701033592224
0.22171859443187714
0.0
0.0
0.1926419734954834
0.0
0.0
0.22534681856632233
0.0
0.16714367270469666
0.0
0.16383253037929535
0.2441641092300415
0.0
0.21455524861812592
1.2465273141860962
0.17971940338611603
1.1044912338256836
0.1922006756067276
0.1883656233549118
0.1798720806837082
0.1253659725189209
0.16070771217346191
0.09437372535467148
0.13014081120491028
0.1257409155368805
0.1363840252161026
0.09711983054876328
0.0726306289434433
0.0
0.07545626163482666
0.0679415836930275
0.06413363665342331
0.043186116963624954
0.051495302468538284
0.04624971002340317
0.03130660206079483
0.03901854529976845
0.03464324772357941
0.03166009113192558
0.03075309284031391
0.030457129701972008
0.0
0.03304007276892662
0.03164888545870781
0.028014659881591797
0.029343256726861
0.02066783979535103
0.027394084259867668
0.019053027033805847
0.026635898277163506
0.02674110420048237
0.026846308261156082
0.026944855228066444
0.02559073083102703
0.027782054618000984
0.028437253087759018
0.028985029086470604
0.029418276622891426
0.029734335839748383
0.029926544055342674
0.02183551713824272
0.03014361299574375
0.02740805223584175
0.02778545767068863
0.029717911034822464
0.02650010958313942
0.029310408979654312
0.018846236169338226
0.02798181027173996
0.021385300904512405
0.026569314301013947
0.02606237679719925
0.022242369130253792
0.024984139949083328
0.022188372910022736
0.02440839819610119
0.021783320233225822
0.017069902271032333
0.02136676013469696
0.022927984595298767
0.022334931418299675
0.021741878241300583
0.021160811185836792
0.02059483528137207
0.020045729354023933
0.019514821469783783
0.019003890454769135
0.018512491136789322
0.01125410944223404
0.01722606271505356
0.016493624076247215
0.013066278770565987
0.015336371958255768
0.011780747212469578
0.015186777338385582
0.014040818437933922
0.015597386285662651
0.015711912885308266
0.01579669862985611
0.0158495232462883
0.012737549841403961
0.0153193986043334
0.01175698172301054
0.01508775819092989
0.015358567237854004
0.013604682870209217
0.014511138200759888
0.016945960000157356
0.015803029760718346
0.01667018234729767
0.01734473928809166
0.018471524119377136
0.021198099479079247
0.015007168054580688
0.02261325903236866
0.016760794445872307
0.021392084658145905
0.02042970433831215
0.01950816437602043
0.01863323338329792
0.01351810060441494
0.01630718633532524
0.013474834151566029
0.014416162855923176
0.012247353792190552
0.01309200283139944
0.012425262480974197
0.009905306622385979
0.011499282903969288
0.011189882643520832
3.4259793758392334
0.010752149857580662
0.012153594754636288
0.012906008400022984
0.01236653607338667
0.014290095306932926
0.0
0.0
0.015997786074876785
0.015569035895168781
0.017306853085756302
0.015961075201630592
0.019529026001691818
0.01794528402388096
0.022389087826013565
0.017028305679559708
0.0213436521589756
0.026907123625278473
0.024388698861002922
0.0290764719247818
0.027527598664164543
0.029619364067912102
0.029472876340150833
0.01891470141708851
0.028981920331716537
0.028633013367652893
0.02805238962173462
0.02728000096976757
0.026354465633630753
0.02396843023598194
0.024435721337795258
0.024174461141228676
0.022204915061593056
0.020220089703798294
0.02318500354886055
0.02299412712454796
0.020290227606892586
0.022576386108994484
0.023697711527347565
0.02395162358880043
0.017215384170413017
0.023442864418029785
0.024177124723792076
0.022768516093492508
0.024240603670477867
0.02199476771056652
0.020598124712705612
0.02282322384417057
0.021036522462964058
0.02197670191526413
0.020446863025426865
0.02156209759414196
0.020219068974256516
0.021461332216858864
0.020240923389792442
0.02016117423772812
0.019169770181179047
0.022123634815216064
0.020012138411402702
0.023213857784867287
0.02381223812699318
0.022839965298771858
0.021766316145658493
0.025203870609402657
0.025463109835982323
0.022779909893870354
0.02199012227356434
0.021862100809812546
0.026676326990127563
0.022714614868164062
0.031354870647192
2.7289750576019287
0.04088471084833145
0.03999921306967735
0.04072004184126854
0.053563442081213
0.05358514562249184
0.05670102313160896
0.06373279541730881
0.06533882766962051
0.06556966155767441
0.040843524038791656
0.05842636525630951
0.06634604185819626
2.0163021087646484
0.060228172689676285
0.06185295060276985
0.07079926878213882
0.06643006205558777
2.0782084465026855
0.07626742869615555
0.0876169428229332
0.08762604743242264
0.08521821349859238
0.07047736644744873
0.10362982004880905
0.09567967802286148
0.10338126868009567
0.11257822066545486
0.11345870047807693
0.10040044784545898
0.09909036010503769
0.10299628973007202
0.10597895085811615
0.060717593878507614
0.09568459540605545
0.09424805641174316
0.07513349503278732
0.08031731098890305
0.08759572356939316
0.08581714332103729
0.0874868780374527
0.07465026527643204
0.07206510007381439
0.0744522213935852
0.06886408478021622
0.07239113748073578
0.06800474971532822
0.07100645452737808
0.06633342057466507
0.06970509886741638
0.07407837361097336
0.07321986556053162
0.05714423581957817
0.07088272273540497
0.06936679780483246
0.062424108386039734
0.06192522868514061
0.05526747182011604
0.05527646094560623
0.04904809221625328
0.04946400597691536
0.03964697942137718
0.03845854103565216
0.03777559474110603
1.9778045415878296
0.030104096978902817
0.051988910883665085
1.3970438241958618
0.06578042358160019
2.081406593322754
0.07899952679872513
0.09937595576047897
0.1030731350183487
0.08892835676670074
1.34699285030365
0.15180961787700653
0.0
0.0
0.1530788391828537
0.0
0.15563875436782837
0.0
1.08087956905365
0.1998196393251419
0.16976618766784668
0.0
0.16758738458156586
0.16452082991600037
0.16044165194034576
0.18274682760238647
1.4537168741226196
0.17294423282146454
0.10868342220783234
0.0
0.13046997785568237
0.07946417480707169
0.10587181895971298
1.463841438293457
0.1216287836432457
0.0941014438867569
0.1082133874297142
1.818429708480835
1.6150140762329102
0.1158192828297615
0.12785537540912628
0.1397472620010376
0.13409191370010376
0.14104613661766052
0.14096567034721375
0.13367535173892975
0.11020375788211823
0.09087724983692169
0.13693979382514954
1.7688305377960205
0.1233585849404335
0.1312444806098938
1.6436032056808472
0.14032676815986633
0.12479081004858017
0.13008533418178558
0.12709668278694153
0.1224369928240776
0.0940379798412323
0.1216517984867096
0.08766533434391022
0.10707641392946243
0.10875600576400757
0.0896773710846901
0.08992794901132584
0.0
0.06974300742149353
0.06681977212429047
0.06927704066038132
0.07643638551235199
0.06854511797428131
2.2053003311157227
0.0586588978767395
0.06976009905338287
0.06918168812990189
0.0675654411315918
0.052240874618291855
0.060359641909599304
0.05090492218732834
0.057722777128219604
0.05971015244722366
2.4945785999298096
0.05768818035721779
0.05681546777486801
2.531836986541748
0.04457055777311325
0.04614781588315964
0.05487960949540138
0.054601285606622696
0.05081833526492119
0.05264456570148468
0.04705067723989487
0.045814841985702515
0.0441063828766346
0.040719304233789444
0.045870617032051086
0.042751289904117584
0.04568861797451973
0.04044320061802864
0.04259335622191429
0.038541000336408615
0.042653217911720276
0.03822449594736099
0.03841084614396095
0.03637111559510231
0.0343029759824276
0.03224726393818855
0.030237719416618347
0.020317640155553818
0.026821894571185112
0.024020545184612274
0.01839471235871315
0.022129682824015617
0.023114867508411407
0.02272556535899639
0.021923139691352844
0.02166641503572464
0.019911840558052063
0.020566869527101517
0.02002708427608013
0.019438914954662323
0.018803246319293976
0.018134286627173424
0.01745334081351757
0.015884248539805412
0.016566868871450424
3.554469585418701
0.015237155370414257
0.013298279605805874
0.017489740625023842
0.018263906240463257
0.01787976175546646
0.01852363906800747
0.019216269254684448
0.016228297725319862
0.019987910985946655
0.020074911415576935
0.021366337314248085
0.021354353055357933
0.021183449774980545
0.02087138593196869
0.020439470186829567
0.019908562302589417
0.01929997280240059
0.01863456517457962
0.017929203808307648
0.01628604158759117
0.014936498366296291
0.015609382651746273
0.01642659492790699
0.015405124053359032
0.016443463042378426
0.016496732831001282
0.01644124463200569
0.014600721187889576
0.015865948051214218
0.013994433917105198
0.01449562143534422
0.012231584638357162
0.013159476220607758
3.8180806636810303
0.01305293943732977
0.013345914892852306
0.01283171959221363
0.013115832582116127
0.014243041165173054
0.013028457760810852
0.015095333568751812
0.013739277608692646
0.016241932287812233
0.01680746302008629
0.01610589027404785
0.017384536564350128
0.017413388937711716
0.01734236627817154
0.017181672155857086
0.016943741589784622
0.012284958735108376
0.0167719516903162
0.015058634802699089
0.01708490215241909
0.01384226605296135
0.01700010523200035
0.017709126695990562
0.01947176270186901
0.0
0.01954871416091919
0.019017936661839485
0.01576687954366207
0.023856183513998985
0.024123935028910637
0.025930320844054222
0.027585823088884354
0.02904883399605751
0.031984031200408936
0.02633507549762726
0.03044513799250126
0.034432683140039444
0.03589527681469917
0.03499120473861694
0.04054201766848564
0.04136678948998451
0.03932732343673706
0.04129709675908089
0.04050872474908829
0.03717504441738129
0.03640003874897957
0.0379687175154686
0.03705783188343048
0.028719425201416016
0.03349461033940315
0.029490219429135323
0.031166650354862213
0.029931852594017982
0.028705041855573654
0.028659120202064514
0.026151390746235847
0.022923171520233154
0.020802544429898262
0.022230971604585648
0.01841583475470543
0.019733639433979988
0.01984419673681259
0.018885813653469086
0.017934974282979965
0.01699967309832573
0.016090117394924164
0.011385669000446796
0.013404988683760166
0.01258921530097723
0.01259083766490221
0.010534505359828472
0.011241375468671322
0.01060703955590725
0.009479527361690998
0.009549221023917198
0.008045872673392296
0.00802073534578085
0.006544067058712244
0.006766842678189278
0.006294087041169405
0.005876375362277031
0.0050010657869279385
0.004822769667953253
0.004503015894442797
0.0042081899009644985
0.004344469401985407
0.004142493940889835
0.0039600501768291
0.0037949185352772474
0.003358455142006278
0.003466431051492691
0.0026914116460829973
0.002883574925363064
0.002671879483386874
0.00212853099219501
0.0024006222374737263
0.0013742017326876521
0.0018399739637970924
0.0016251254128292203
0.001435824204236269
0.001171721494756639
0.0011104068253189325
0.0011816673213616014
0.0011505940929055214
0.0008441214449703693
0.0008835314656607807
0.0006069429800845683
0.0009996674489229918
0.000965043087489903
0.000939296733122319
0.0006609901902265847
0.0008607367635704577
0.0010218624956905842
0.0009830622002482414
0.0010142871178686619
0.0013117305934429169
0.001158509636297822
0.0017276668222621083
0.002026856876909733
0.0023358126636594534
0.0026465440168976784
0.0029439583886414766
0.0022844725754112005
0.0030783454421907663
0.0034300312399864197
0.0033131062518805265
0.003629787126556039
0.003737211460247636
0.0038215527310967445
0.0038832551799714565
0.00371531886048615
0.004025747533887625
0.0041029867716133595
0.00388199626468122
0.004203752614557743
0.004229498561471701
0.0042352695018053055
0.00338967377319932
0.004429642576724291
0.00472844485193491
0.004670626483857632
0.004776996560394764
0.005287317559123039
0.004419886041432619
0.005439131986349821
0.00519682327285409
0.0053884731605648994
0.005937634035944939
0.0061378334648907185
0.006291867699474096
0.006401067599654198
0.006467209197580814
0.0064933993853628635
0.006138681899756193
0.00652402825653553
0.0065280236303806305
0.006498726084828377
0.004754706751555204
0.00621433462947607
0.006275694817304611
0.006113206502050161
0.007129954639822245
0.006987657397985458
0.0068591563031077385
0.007492451462894678
0.008240597322583199
0.008390636183321476
0.00847542192786932
0.006542781367897987
0.008607260882854462
0.008649875409901142
0.008173281326889992
0.008640553802251816
0.008591280318796635
0.008491846732795238
0.0073811388574540615
0.008152704685926437
0.007928978651762009
0.0076857199892401695
0.007427813019603491
0.007063957396894693
0.006889803800731897
0.0066181356087327
0.0060113356448709965
0.0061560338363051414
0.005958053283393383
0.005757853388786316
0.00555809773504734
0.004674272611737251
0.0050915563479065895
0.0045832074247300625
0.004677395801991224
0.004219452850520611
0.004339142702519894
0.00416957214474678
0.004007991403341293
0.003856177208945155
0.003515263320878148
0.00344843789935112
0.0036342260427773
0.0036164699122309685
0.003589391941204667
0.003554323688149452
0.003513040952384472
0.0034659872762858868
0.00323283183388412
0.0034224847331643105
0.0031077677849680185
0.0033776506315916777
0.003330597188323736
0.0032799923792481422
0.003226723987609148
0.002616478828713298
0.002992787631228566
0.002683099126443267
0.0027490854263305664
0.0026691830717027187
0.0024227239191532135
0.002398986369371414
0.002364684594795108
0.0025897244922816753
0.0026376659516245127
0.002675841562449932
0.002704695099964738
0.0027251148130744696
0.0025570432189852
0.002748197643086314
0.0027513050008565187
0.0027477536350488663
0.0027379877865314484
0.0024407473392784595
0.0026487635914236307
0.0025768515188246965
0.0020689372904598713
0.002211709739640355
0.0022559103090316057
0.002155144466087222
0.0020645884796977043
0.0019829105585813522
0.001909666578285396
0.001843525213189423
0.0017835984472185373
0.0017294423887506127
0.0014653304824605584
0.0015953839756548405
0.001521252328529954
0.0014568865299224854
0.0009117049630731344
0.0012265014229342341
0.001087560085579753
0.0009246268891729414
0.0009228723938576877
0.000878038234077394
0.0008407504647038877
0.0008096773526631296
0.0007843749481253326
0.0007635115180164576
0.0007461993372999132
0.0007324384059756994
0.0007213408243842423
0.0006046765483915806
0.0005568722845055163
0.0006853847880847752
0.0006702921236865222
0.0006578628672286868
0.0006480970187112689
0.0006409945781342685
0.0006361116538755596
0.0006330043543130159
0.0006316726212389767
0.0006316726212389767
0.0005447450676001608
0.0006356677622534335
0.0006387750618159771
0.0006427701446227729
0.0006480970187112689
0.0
0.0004111987946089357
0.0006831652717664838
0.0006413174560293555
0.0007484188536182046
0.0007892578723840415
0.0008278773166239262
0.0008651650859974325
0.0009002333390526474
0.0008591397199779749
0.0009863503510132432
0.0010369551600888371
0.0009586455416865647
0.001123072230257094
0.0010101724183186889
0.0011772282887250185
0.0011927648447453976
0.0012065258342772722
0.0012180672492831945
0.0010849999962374568
0.0012886949116364121
0.0013038101606070995
0.001511486480012536
0.0014933737693354487
0.0017289984971284866
0.0018297642236575484
0.0019216520013287663
0.0020042178221046925
0.002077017677947879
0.0021404956933110952
0.0021942078601568937
0.0022385979536920786
0.0022736662067472935
0.0023003004025667906
0.002318944316357374
0.002206495963037014
0.002143163001164794
0.002554212464019656
0.002704695099964738
0.002839641412720084
0.0029581633862107992
0.003059373004361987
0.0031441582832485437
0.003211631439626217
0.0032635678071528673
0.003124398412182927
0.003074693726375699
0.0034127188846468925
0.0034273676574230194
0.0034291434567421675
0.0034189336001873016
0.0033989581279456615
0.003370104357600212
0.003333704313263297
0.0032910897862166166
0.0030714424792677164
0.0032493630424141884
0.0032449238933622837
0.003232050919905305
0.003211187431588769
0.0031836654525250196
0.0029421751387417316
0.003104650881141424
0.0030558216385543346
0.0030047730542719364
0.0029523924458771944
0.0028982365038245916
0.002843636553734541
0.002499627647921443
0.0026563098654150963
0.0024023486766964197
0.002480968600139022
0.0024268124252557755
0.002374432049691677
0.002200612099841237
0.0022945161908864975
0.0022144813556224108
0.0023961833212524652
0.002444568555802107
0.0024840759579092264
0.0025151490699499846
0.002538231899961829
0.002554212464019656
0.002563090529292822
0.0025657538790255785
0.002562646521255374
0.00251958891749382
0.0025506610982120037
0.002542227040976286
0.0025297978427261114
0.0025138172786682844
0.002329861046746373
0.0024703149683773518
0.0024441247805953026
0.0021949997171759605
0.002296305261552334
0.002190212719142437
0.0020943298004567623
0.0020086567383259535
0.0019314178498461843
0.0018612813437357545
0.001797359436750412
0.0017396521288901567
0.0016868277452886105
0.0016384425107389688
0.0015940523007884622
0.0015532133402302861
0.0015154816210269928
0.0014813011512160301
0.0013718100963160396
0.0014613255625590682
0.00147064751945436
0.0014777499018236995
0.0014826328260824084
0.001485740183852613
0.0014870718587189913
0.001486184075474739
0.0014839646173641086
0.001480413367971778
0.001475530443713069
0.0014697597362101078
0.0014626572374254465
0.0013776940759271383
0.0014852962922304869
0.001511486480012536
0.0015336816431954503
0.0015527693321928382
0.001567418104968965
0.0015794035280123353
0.001588281593285501
0.0015940523007884622
0.0015971595421433449
0.001598491333425045
0.001597603433765471
0.0015944961924105883
0.0015896132681518793
0.00147917156573385
0.0015663139056414366
0.001597603433765471
0.0016042620409280062
0.001608701073564589
0.0016104766400530934
0.0016095888568088412
0.0015214314917102456
0.0016433254349976778
0.0015218181069940329
0.0017210082150995731
0.001760959392413497
0.0017946959706023335
0.001823105732910335
0.0018457447877153754
0.0017643561586737633
0.001918988535180688
0.0019664859864860773
0.002007325179874897
0.0020401738584041595
0.001956846797838807
0.0021311738528311253
0.001959758810698986
0.002276773564517498
0.0023562321439385414
0.0024245930835604668
0.002481856383383274
0.0025284660514444113
0.0025648660957813263
0.0025919440668076277
0.0026101439725607634
0.0026199098210781813
0.0026225734036415815
0.002618134254589677
0.002608368406072259
0.002593275858089328
0.002573744161054492
0.0025502173230051994
0.0025235831271857023
0.0024938418064266443
0.002462768694385886
0.0022689197212457657
0.0023868612479418516
0.002344690728932619
0.002302963752299547
0.002261237008497119
0.0022199542727321386
0.002179115079343319
0.002025353256613016
0.0021436030510812998
0.002144046826288104
0.0021400516852736473
0.0021329494193196297
0.0021222957875579596
0.002109422581270337
0.002093886025249958
0.0020761298947036266
0.002056598197668791
0.002035734709352255
0.0020139836706221104
0.0018845576560124755
0.0020086567383259535
0.002021973952651024
0.0020304080098867416
0.0020344031509011984
0.0020348469261080027
0.002031295793130994
0.0020250810775905848
0.002016203012317419
0.0020042178221046925
0.001990456832572818
0.0019749202765524387
0.0019576081540435553
0.0019389641238376498
0.001919432426802814
0.001899012946523726
0.0018522526370361447
0.0018777056830003858
0.0016575189074501395
0.0017547447932884097
0.0016508717089891434
0.0015607596142217517
0.0014817450428381562
0.0014129402115941048
0.0013521256623789668
0.0012979696039110422
0.001250472036190331
0.0012078575091436505
0.001169681898318231
0.0011350575368851423
0.0011044283164665103
0.0010053225560113788
0.001067140488885343
0.001057818648405373
0.0010489405831322074
0.0010405064094811678
0.001031628344208002
0.0010231942869722843
0.0010152040049433708
0.0010072137229144573
0.0009992235573008657
0.0009916771668940783
0.0009190928540192544
0.0009947845246642828
0.0010041064815595746
0.001011208863928914
0.0009632930741645396
0.0010595942148938775
0.0010986576089635491
0.0009881111327558756
0.0011701257899403572
0.0012025306932628155
0.001231384347192943
0.001256242860108614
0.0012775501236319542
0.0012957501458004117
0.0013099549105390906
0.0013214964419603348
0.0013303745072335005
0.0013361452147364616
0.0013396963477134705
0.0013410281389951706
0.0013405842473730445
0.0012667388655245304
0.0013760963920503855
0.0014093889622017741
0.0014377987245097756
0.0013469805708155036
0.0015634230803698301
0.0016570863081142306
0.0017445350531488657
0.0018253251910209656
0.0019003447378054261
0.0019669299945235252
0.0020246373023837805
0.0020739103201776743
0.0021151932887732983
0.002148041967302561
0.0021737883798778057
0.0021924322936683893
0.002204861491918564
0.002211519982665777
0.0022128517739474773
0.002209300408139825
0.0022017541341483593
0.002190656727179885
0.002176007954403758
0.0019618666265159845
0.002099656732752919
0.0020437249913811684
0.001990900607779622
0.0019411836983636022
0.001893686130642891
0.0018506277119740844
0.0018097886350005865
0.0017707252409309149
0.0017334375297650695
0.0015435985988005996
0.0016961497021839023
0.0016912667779251933
0.0016841643955558538
0.0016752863302826881
0.001664632698521018
0.0016522033838555217
0.0015516920248046517
0.001582372817210853
0.0016567632555961609
0.0018723788671195507
0.001986905699595809
0.002092998242005706
0.002188880927860737
0.0022763297893106937
0.0023522370029240847
0.0024170465767383575
0.002471202751621604
0.0025142612867057323
0.002547109965234995
0.0025701927952468395
0.0025848415680229664
0.0025906122755259275
0.002589280717074871
0.0025812904350459576
0.002567529445514083
0.002547997748479247
0.0025240271352231503
0.002496505156159401
0.002465432044118643
0.0024316953495144844
0.0023961833212524652
0.002358895493671298
0.0021964090410619974
0.0023362564388662577
0.0022203654516488314
0.002404617378488183
0.0024538906291127205
0.002492954023182392
0.002522251568734646
0.002542671049013734
0.002554212464019656
0.002558207605034113
0.0025551002472639084
0.0025453343987464905
0.0025302416179329157
0.00251070992089808
0.002486295299604535
0.0024583295453339815
0.0024272564332932234
0.0023935199715197086
0.002358007710427046
0.0023211638908833265
0.002282544272020459
0.0022434808779507875
0.00197527464479208
0.002271446865051985
0.002328710164874792
0.0023757638409733772
0.0024134954437613487
0.0024419052060693502
0.002461436903104186
0.0024734223261475563
0.002477417467162013
0.0024751978926360607
0.0024667636025696993
0.0024530028458684683
0.0024343589320778847
0.0024117198772728443
0.0023859734646975994
0.0023571199271827936
0.0023251590318977833
0.002291866345331073
0.002257241867482662
0.002220842055976391
0.0021835542283952236
0.0021462664008140564
0.002108534798026085
0.0020708029624074697
0.002032627584412694
0.0019953397568315268
0.0019584959372878075
0.0016529405256733298
0.0018035740358754992
0.001700144843198359
0.0016091449651867151
0.0015287987189367414
0.0014573304215446115
0.001393408514559269
0.0013361452147364616
0.0012846525060012937
0.0012380428379401565
0.0011954281944781542
0.0011572527000680566
0.0011217404389753938
0.0010893356520682573
0.0010595942148938775
0.0010320722358301282
0.0010063259396702051
0.0009827991016209126
0.0009614918380975723
0.0009419601410627365
0.0009237601771019399
0.0009064479963853955
0.0008900235989131033
0.0008744870428927243
0.0008593943784944713
0.0008456333889625967
0.000832316349260509
0.0008198870928026736
0.0008083456195890903
0.0006856076652184129
0.0007417603046633303
0.00069426279515028
0.0006538677262142301
0.0006187994731590152
0.0005886141443625093
0.0005624238983727992
0.0005393410101532936
0.0005193654214963317
0.0005016092909500003
0.00045979174319654703
0.000500277616083622
0.0005135946557857096
0.0005260239122435451
0.0005366776022128761
0.000546443450730294
0.0005553214577957988
0.0005624238983727992
0.0005690824473276734
0.0005744092632085085
0.0005792921874672174
0.0005828433786518872
0.0005859507364220917
0.000541818211786449
0.0006050384836271405
0.0006196872564032674
0.0006330043543130159
0.0006445457693189383
0.0006547555094584823
0.0006631896831095219
0.0006702921236865222
0.0006765067228116095
0.0006809457554481924
0.0006844969466328621
0.0006871603545732796
0.0006889359792694449
0.0006898237625136971
0.0006898237625136971
0.0006889359792694449
0.0006876043044030666
0.0006858286797069013
0.0006836091633886099
0.0006355296936817467
0.0007004774524830282
0.0006437048432417214
0.0007271115900948644
0.0006763527053408325
0.0007479749619960785
0.0007595164352096617
0.0007692822837270796
0.0007772725075483322
0.0007839309982955456
0.0007888139225542545
0.0007923651719465852
0.0007950285798870027
0.0007959163631312549
0.0006750841275788844
0.0007821554318070412
0.0007692822837270796
0.0007572969188913703
0.0007457554456777871
0.0007346579222939909
0.0007240042323246598
0.0006485776393674314
0.0007013652357272804
0.0006902677123434842
0.000600772094912827
0.0005977562395855784
0.00064321409445256
0.0006290092132985592
0.0006156921735964715
0.0006037068087607622
0.0005384646356105804
0.0005903897108510137
0.0005877263029105961
0.0005855067865923047
0.0005828433786518872
0.0005801799707114697
0.0005775165627710521
0.0005748531548306346
0.0005721897468902171
0.0005695263389497995
0.000566862931009382
0.0005641995230689645
0.000561536115128547
0.0005593165988102555
0.000556653190869838
0.0005539897829294205
0.000551770266611129
0.0005495507502928376
0.0005468873423524201
0.0005446678260341287
0.0005424483097158372
0.0005406726850196719
0.0005384531687013805
0.0005362336523830891
0.0005344580858945847
0.0005322385695762932
0.0005304629448801279
0.0005286873201839626
0.0005273556453175843
0.000525580020621419
0.0005238043959252536
0.0005224727210588753
0.00052069709636271
0.0005189214716665447
0.0005175897968001664
0.000515814172104001
0.0005144824972376227
0.0005127068725414574
0.0005109312478452921
0.0005095995729789138
0.0005078239482827485
0.0004539352376013994
0.0005038288072682917
0.0005020532407797873
0.0004998337244614959
0.0004976142081432045
0.0004962824750691652
0.0004945069085806608
0.0004931751755066216
0.0004918435006402433
0.0004909556591883302
0.0004896239843219519
0.000432430359069258
0.00048207762301899493
0.0004758629947900772
0.00047053617890924215
0.0004660971462726593
0.000462102034362033
0.0004589947347994894
0.00045677521848119795
0.00045455570216290653
0.00045322399819269776
0.0004523361858446151
0.000451892294222489
0.00045144837349653244
0.00045144837349653244
0.000451892294222489
0.00045278010657057166
0.00045366788981482387
0.00045455570216290653
0.00041423458606004715
0.00046121422201395035
0.0003587988030631095
0.0005211409879848361
0.0005766287795267999
0.0006316726212389767
0.0006853847880847752
0.0007359895971603692
0.0007843749481253326
0.0008305407245643437
0.0008744870428927243
0.0009157699532806873
0.0009552772389724851
0.0009925649501383305
0.0010280772112309933
0.0010604819981381297
0.0010906673269346356
0.0011177454143762589
0.0011426039272919297
0.0011647989740595222
0.001184774562716484
0.0010199681855738163
0.0012575745349749923
0.0013081793440505862
0.0013552330201491714
0.0013978475471958518
0.0014364670496433973
0.0014715353026986122
0.0015026084147393703
0.0014290090184658766
0.001561647397466004
0.0015891693765297532
0.001613583997823298
0.001386313233524561
0.0017183448653668165
0.0017942520789802074
0.001863944693468511
0.0019265349255874753
5.453019618988037
0.002297637052834034
0.0026199098210781813
0.0029435146134346724
0.0030903553124517202
0.0037607382982969284
0.004262791480869055
0.004508396610617638
0.0053743221797049046
0.005978028755635023
0.006574633531272411
0.007140608504414558
0.007666188292205334
0.008144714869558811
0.008570416830480099
0.008940187282860279
0.009251362644135952
0.009504830464720726
0.009701035916805267
0.009842639788985252
0.009404296055436134
0.010418381541967392
0.01083120983093977
0.011169463396072388
0.01143402885645628
0.011625350452959538
0.011748312041163445
0.011806907132267952
0.011807350441813469
0.011755857616662979
0.011658643372356892
0.011521478183567524
0.011350131593644619
0.011151263490319252
0.01092931255698204
0.01068960502743721
0.010436137206852436
0.010173791088163853
0.009904786944389343
0.009632674977183342
0.009360118769109249
0.009088894352316856
0.008821665309369564
0.008558875881135464
0.008301855996251106
0.00805149506777525
0.007808681111782789
0.007572968956083059
0.007346135098487139
0.007127735298126936
0.006917325779795647
0.006715350318700075
0.006521808914840221
0.006336257793009281
0.006158696953207254
0.005988682620227337
0.005825770553201437
0.005670848768204451
0.005522141698747873
0.005380536895245314
0.005245590582489967
0.005116415210068226
0.004993010312318802
0.00461598951369524
0.00499389786273241
0.0050937761552631855
0.005175010301172733
0.005238932091742754
0.005286429543048143
0.005318390671163797
0.005337034352123737
0.0053423610515892506
0.005336146801710129
0.00531972199678421
0.005293531809002161
0.004979956429451704
0.00534857576712966
0.005418712273240089
0.0054706488735973835
0.005505717359483242
0.005525249056518078
0.005530575755983591
0.005523029249161482
0.005503497552126646
0.005473312456160784
0.005434249062091112
0.005387195385992527
0.005332595203071833
0.005272224545478821
0.0052069709636271
0.0051372782327234745
0.005064478609710932
0.004989015404134989
0.00491133239120245
0.004832317586988211
0.004752415232360363
0.004672069102525711
0.004591722972691059
0.004155848175287247
0.0042947521433234215
0.004101654980331659
0.003928533289581537
0.0037722797133028507
0.003344960743561387
0.0035814016591757536
0.0035312408581376076
0.00348196760751307
0.0034322505816817284
0.0033829775638878345
0.003333704313263297
0.0032853190787136555
0.003236933844164014
0.003189436160027981
0.0031423827167600393
0.0030962168239057064
0.0030504949390888214
0.0030056608375161886
0.00296127051115036
0.002762533025816083
0.0029648218769580126
0.003003885271027684
0.0030345143750309944
0.0030575974378734827
0.003074021777138114
0.003083787625655532
0.0030877827666699886
0.0030860069673508406
0.003079792484641075
0.0030695826280862093
0.0030549338553100824
0.0030367339495569468
0.003015870461240411
0.0029923436231911182
0.002966597443446517
0.0029386316891759634
0.0029088901355862617
0.0027251276187598705
0.0029945631977170706
0.0030975486151874065
0.0030184865463525057
0.0034326945897191763
0.003670182079076767
0.0038894698955118656
0.004087894223630428
0.004038097802549601
0.004538454581052065
0.004786151926964521
0.005005883518606424
0.005195429548621178
0.005353902466595173
0.005482190288603306
0.005580292548984289
0.00564954150468111
0.005691268015652895
0.005708136595785618
0.0057014781050384045
0.005673956125974655
0.00562823424115777
0.005566088017076254
0.005490180570632219
0.005403175950050354
0.0053064050152897835
0.005202088039368391
0.005092444363981485
0.004978361539542675
0.00486117135733366
0.004742649383842945
0.004623683635145426
0.0045047178864479065
0.004387083929032087
0.004270781762897968
0.004156698938459158
0.0040452792309224606
0.003936967346817255
0.0038313185796141624
0.0037292211782187223
0.003630230901762843
0.0035347919911146164
0.0034429042134433985
0.0033541240263730288
0.003268894739449024
0.003187216818332672
0.003108646022155881
0.003033182816579938
0.002960826735943556
0.0028915780130773783
0.0028249926399439573
0.0027610708493739367
0.002700256183743477
0.0026438806671649218
0.002589280717074871
0.0025369003415107727
0.002487183315679431
0.0024387978482991457
0.0023926319554448128
0.002348241861909628
0.0023056273348629475
0.0022647883743047714
0.002225280972197652
0.0021875493694096804
0.0021511493250727654
0.0021160810720175505
0.0020823446102440357
0.0020499397069215775
0.0020184225868433714
0.0019882372580468655
0.0019589397124946117
0.0019309739582240582
0.0019034519791603088
0.0018772617913782597
0.0018519593868404627
0.0018271008739247918
0.0018035740358754992
0.0017804910894483328
0.0017582960426807404
0.001736544887535274
0.001715237507596612
0.00169526191893965
0.0016752863302826881
0.0016557546332478523
0.0016375547274947166
0.0016193547053262591
0.0016015985747799277
0.0015847303438931704
0.0015678619965910912
0.001551881548948586
0.0015359011013060808
0.0015208084369078279
0.001506159664131701
0.0014915108913555741
0.0014773060102015734
0.0013298261910676956
0.0013960719807073474
0.0013383646728470922
0.0012877598637714982
0.0012429257621988654
0.0012034184765070677
0.001168794115073979
0.0011372771114110947
0.0011097551323473454
0.0010853405110538006
0.0010631454642862082
0.0010436137672513723
0.001025857636705041
0.0010103210806846619
0.000996116199530661
0.0009836870012804866
0.0009725894196890295
0.0009623796795494854
0.0009535016142763197
0.0009450674988329411
0.0009379650582559407
0.0009317504009231925
0.0009259796934202313
0.0009206528775393963
0.0009162138449028134
0.0009122187038883567
0.000908667512703687
0.0009051162633113563
0.0009024528553709388
0.0008997894474305212
0.0008975699311122298
0.0008953504147939384
0.0008119320846162736
0.0008718236349523067
0.000852735829539597
0.0008358675404451787
0.0008212188258767128
0.0008083456195890903
0.0007976919878274202
0.0007879261393100023
0.0007799359154887497
0.0007728334749117494
0.0007670627674087882
0.0007621798431500793
0.0007581847021356225
0.0007550774025730789
0.0007528578862547874
0.0007510822615586221
0.0007501944783143699
0.0007497505866922438
0.0007497505866922438
0.0007497505866922438
0.000750638369936496
0.0007519701030105352
0.0007533017778769135
0.0007550774025730789
0.0007568530272692442
0.0007586285937577486
0.00076084811007604
0.0007630676263943315
0.0007652871427126229
0.0007675066590309143
0.0007701700669713318
0.0007723895832896233
0.0006847467739135027
0.0007142383838072419
0.0006631896831095219
0.0006205750978551805
0.0005850628949701786
0.0005557653494179249
0.000531350786332041
0.0004579136148095131
0.00047808251110836864
0.0004501166695263237
0.0003622035146690905
0.00033437242382206023
0.00032094118068926036
0.0002845412236638367
0.0002574631944298744
0.00023659979342482984
0.00022106322285253555
0.0002104095765389502
0.00020330713596194983
0.00019975593022536486
0.0001988681178772822
0.00020019982184749097
0.00020375104213599116
0.00020907787256874144
0.00021662420476786792
0.00013841662439517677
0.00022683394490741193
0.00023038516519591212
0.00021085509797558188
0.00024237051547970623
0.0002512485662009567
0.0002610144147183746
0.0002725558588281274
0.0002858729276340455
0.0002584389876574278
0.00034535580198280513
0.0003937411238439381
0.0004447898536454886
0.0004980580997653306
0.0005508824251592159
0.0006041507003828883
0.0006583067588508129
0.0006305949063971639
0.000709355459548533
0.0007071359432302415
0.0007071359432302415
0.0007080237846821547
0.0007106871926225722
0.0007142383838072419
0.0007186774164438248
0.0007240042323246598
0.0007297749980352819
0.0007364334887824953
0.0007439798209816217
0.0007515261531807482
0.0007599603268317878
0.0007688383338972926
0.0007777163991704583
0.0007870383560657501
0.000796360254753381
0.0008061261032707989
0.0008150041685439646
0.0008243261254392564
0.0008332041325047612
0.0008420821977779269
0.0008509602630510926
0.0008477449300698936
0.0008820333750918508
0.0009033406968228519
0.0009237601771019399
0.0006490757805295289
0.0009250918519683182
0.0009099991875700653
0.0008962382562458515
0.0008842528914101422
0.0008696041186340153
0.0008567309705540538
0.0008465212304145098
0.0008380870567634702
0.0008318724576383829
0.0007411755505017936
0.000781267590355128
0.0007430920377373695
0.0007111310842446983
0.0005813328898511827
0.0006955945282243192
0.0007066920516081154
0.0007182335248216987
0.0007311066729016602
0.0007448676624335349
0.0007595164352096617
0.0006757704541087151
0.0007173457415774465
0.0005170119693502784
0.0006569750257767737
0.0006472091772593558
0.0006414384697563946
0.0006401067366823554
0.0006418823613785207
0.0006476530688814819
0.0006565311341546476
0.0006685164989903569
0.0006831652717664838
0.0007004774524830282
0.000720009149517864
0.0007417603046633303
0.0007652871427126229
0.0007901456556282938
0.00081677979324013
0.0008438578224740922
0.0007817552541382611
0.0008611700031906366
0.0008531797211617231
0.0008491846383549273
0.0008478529052808881
0.0008487407467328012
0.0008522919379174709
0.0008580626454204321
0.0008651650859974325
0.0008735992596484721
0.0007920990465208888
0.0008536236709915102
0.0006654661847278476
0.0008744870428927243
0.0009197650360874832
0.000965043087489903
0.0010098771890625358
0.0010542673990130424
0.0010959941428154707
0.0011381648946553469
0.0011798916384577751
0.0012220623902976513
0.0012633452424779534
0.0013041842030361295
0.0013450231635943055
0.001383198774419725
0.0014209304936230183
0.0014573304215446115
0.0014932864578440785
0.0015283547108992934
0.0015634230803698301
0.001597603433765471
0.0016304522287100554
0.0016619692323729396
0.0016921546775847673
0.0017214521067216992
0.001483453088440001
0.001705027767457068
0.0016672961646690965
0.0016353351529687643
0.001608257181942463
0.0015856181271374226
0.0015638669719919562
0.0015443352749571204
0.0015283547108992934
0.0015154816210269928
0.0015052718808874488
0.0011850662995129824
0.0014644329203292727
0.0010901694186031818
0.0014768621185794473
0.001516369404271245
0.0015545450150966644
0.0015913888346403837
0.0016277888789772987
0.0016633010236546397
0.0016979253850877285
0.0017321058548986912
0.001765842316672206
0.0017991350032389164
0.0018315399065613747
0.001863944693468511
0.0018954618135467172
0.0010880361078307033
0.0021737883798778057
0.002205889904871583
0.0025191442109644413
0.0026070368476212025
0.002690490335226059
0.0027699489146471024
0.0028418609872460365
0.002910665702074766
0.002976807067170739
0.0030398413073271513
0.0030997679568827152
0.0031574752647429705
0.003212519222870469
0.0032648995984345675
0.003314616624265909
0.0033621140755712986
0.0032210638746619225
0.0035529921296983957
0.00369637249968946
0.0038317625876516104
0.003958274610340595
0.004076352342963219
0.004185108467936516
0.004284986294806004
0.004375098738819361
0.004455888643860817
0.004528244957327843
0.004590834956616163
0.004645878914743662
0.004691600799560547
0.004729776177555323
0.0047604055143892765
0.004529410973191261
0.004946400411427021
0.0050915563479065895
0.0052198441699147224
0.005330819636583328
0.0054249269887804985
0.005503053776919842
0.0031878845766186714
0.00592387281358242
0.0059213945642113686
0.006742428056895733
0.007196096237748861
0.007609368767589331
0.007976476103067398
0.008294309489428997
0.00856065098196268
0.008773723617196083
0.008934416808187962
0.008564146235585213
0.009368552826344967
0.009627347812056541
0.009820888750255108
0.00942152738571167
0.010645215399563313
0.011250253766775131
0.010391278192400932
0.012233496643602848
0.012593945488333702
0.012834983877837658
0.012953061610460281
3.777289867401123
0.015015430748462677
0.01699834130704403
0.01882855035364628
0.020443908870220184
0.020635150372982025
0.024340037256479263
0.0265852939337492
0.02845589630305767
0.02989591471850872
0.03087827004492283
0.031404294073581696
0.03149840235710144
0.031204095110297203
0.03057730570435524
0.029679734259843826
0.028574863448739052
0.027323059737682343
0.02597714774310589
0.023275800049304962
0.02442171610891819
0.02405593916773796
0.02351704239845276
0.02283520996570587
0.02204284444451332
0.021168801933526993
0.02024104632437229
0.019283104687929153
0.018315842375159264
0.01735568232834339
0.016415942460298538
0.01550683006644249
0.01463633868843317
0.01380801759660244
0.013026305474340916
0.012291204184293747
0.011603599414229393
3.9236109256744385
0.011977809481322765
0.012910891324281693
0.013745871372520924
0.014472538605332375
0.015084235928952694
0.015579186379909515
0.015958722680807114
0.01622728258371353
0.01639152690768242
3.5670785903930664
0.01868206262588501
0.020687611773610115
3.2916512489318848
0.027210308238863945
0.03200267627835274
0.036771513521671295
0.04122917726635933
0.045246049761772156
0.04879460111260414
0.051725685596466064
0.053914569318294525
0.055350590497255325
0.0560745969414711
0.05613141506910324
0.05558985471725464
0.05453292280435562
0.05305162072181702
2.5810749530792236
0.0524759367108345
0.06240241974592209
0.06869339942932129
0.07404730468988419
0.07827724516391754
0.08127091825008392
0.08299326151609421
0.08348288387060165
0.07843063771724701
0.0857774168252945
0.08733461797237396
2.1253421306610107
0.09602045267820358
0.09732286632061005
0.11260329931974411
0.12017538398504257
0.12517105042934418
0.12746869027614594
0.12715530395507812
0.12449410557746887
0.11987264454364777
0.11375389248132706
0.10660307854413986
0.09885254502296448
0.09087473899126053
0.08297106623649597
0.07536302506923676
0.06456711888313293
0.06446656584739685
0.06057221069931984
0.05662237107753754
0.05270937457680702
0.04890424385666847
0.045259810984134674
0.041812464594841
0.03858441114425659
0.0336938239634037
0.03431718051433563
0.03294951841235161
0.029837708920240402
0.03138209879398346
0.031009666621685028
0.030419720336794853
0.029638895764946938
0.0286969356238842
0.02762535586953163
0.026455674320459366
0.025218520313501358
0.02266806922852993
0.02003527618944645
0.021831102669239044
0.02016425132751465
0.01862257905304432
0.017203867435455322
0.01590501144528389
0.014718904159963131
0.013639778830111027
0.012659642845392227
0.01177139487117529
0.01096659991890192
0.010238156653940678
0.00957940611988306
0.00898280180990696
0.008443017490208149
0.004303788300603628
0.008043061010539532
0.008094998076558113
0.008112753741443157
0.00809943675994873
0.008059041574597359
0.007994231767952442
0.007909002713859081
0.007806461304426193
0.007689271587878466
0.0075605399906635284
0.007422930095344782
0.007278217934072018
0.007129067089408636
0.006976364646106958
0.006822774652391672
0.006668740417808294
0.006515594199299812
0.0063637797720730305
0.006214628927409649
0.006069028750061989
0.005926536396145821
0.005479675251990557
0.006081458181142807
0.006344248075038195
0.00657418929040432
0.006770394276827574
0.006933750119060278
4.078299522399902
0.008959718979895115
0.011050941422581673
0.013289540074765682
0.01561647467315197
0.017967378720641136
0.020277446135878563
0.021288273856043816
0.025616256520152092
0.028620140627026558
0.03140252083539963
0.03388304263353348
0.03599734976887703
0.0377006009221077
0.03896971791982651
0.03980070352554321
0.040208205580711365
0.03808159753680229
0.03929538279771805
0.0383462980389595
0.04302331060171127
0.048200659453868866
0.05025370791554451
0.05154368653893471
1.8404465913772583
0.058467671275138855
0.06388682872056961
0.0643712654709816
0.07268274575471878
0.0641137883067131
0.08564823865890503
0.09339211136102676
0.09812099486589432
0.09951795637607574
1.9245773553848267
0.10427437722682953
0.12135527282953262
0.1280413269996643
0.10144548118114471
0.11059406399726868
0.12820330262184143
1.7399451732635498
1.593921184539795
0.16870009899139404
0.18117862939834595
0.17581738531589508
0.15020225942134857
0.17755670845508575
0.1980525553226471
1.3923317193984985
1.2135508060455322
0.24433769285678864
0.20333416759967804
0.2688497006893158
0.3182099759578705
0.9099829792976379
0.7332155704498291
0.39765918254852295
0.4598751962184906
0.5761824250221252
0.6392267942428589
0.5106743574142456
0.5884501934051514
0.44141677021980286
0.5571788549423218
0.5803923606872559
0.5100634098052979
0.632831871509552
0.46032023429870605
0.47147154808044434
0.693242609500885
0.4223392903804779
0.44144734740257263
0.7074277997016907
0.4189927875995636
0.805709183216095
0.4556090831756592
0.3995007872581482
0.8235486745834351
0.8709111213684082
0.43398749828338623
0.0
0.0
0.0
0.0
0.0
0.0
0.0
0.0
0.0
0.004551935009658337
0.0
0.0
0.0
0.0
0.0
0.0
0.0
0.0
0.0
0.0
0.0
0.0
0.0
0.0
0.0
0.0
0.0
0.0
0.0
0.0
0.0
0.0
0.004551935009658337
0.0
0.0
0.0
0.0028322285506874323
0.0
0.0
0.0
0.0
0.0
0.004308607429265976
0.0
0.0
0.0034507508389651775
0.0
0.004551935009658337
0.0
0.0
0.0
0.0
0.0
0.0
0.0
0.0
0.0
0.0
0.0
0.0
0.0
0.0
0.0
0.0
0.0
0.0
0.004551935009658337
0.0
0.0
0.0
0.0
0.0
0.0
0.0
0.0
0.0
0.0
0.0
0.0
0.0
0.0
0.0
0.0
0.0
0.0
0.0
0.0
0.0
0.0
0.0
0.0
0.0
0.0
0.0
0.0
0.0
0.0
0.0
0.004551935009658337
0.0
0.0
0.0
0.0
0.0
0.0
0.0
0.0
0.0
0.0
0.0
0.0
0.0
0.0
0.0
0.0
0.0
0.0
0.0
0.0
0.0
0.0
0.0
0.0
0.0
0.0
0.0
0.0
0.0
0.0
0.0
0.0
0.0
0.0
0.0
0.0
0.0
0.0
0.0
0.0
0.0
0.004489935003221035
0.004191521555185318
0.0
0.0
0.004308607429265976
0.0
0.0
0.0
0.0
0.0
0.0
0.0
0.0
0.0034507508389651775
0.0
0.0
0.0
0.0
0.0
0.0
0.0
0.0
0.0
0.0
0.0
0.0
0.0
0.004077388904988766
0.0
0.0
0.0
0.0
0.0
0.0
0.0
0.0
0.0
0.0
0.0
0.0030836535152047873
0.0
0.0
0.0
0.0
0.0
0.0
0.0
0.0
0.0
0.0
0.0
0.0
0.0
0.0
0.0
0.004308607429265976
0.0
0.0
0.0
0.0
0.0
0.0
0.0
0.004308607429265976
0.004308607429265976
0.0
0.0
0.0
0.0
0.0
0.0
0.0
0.0
0.0
0.0
0.0
0.004551935009658337
0.0
0.0
0.0
0.0
0.0
0.0
0.0
0.0
0.0
0.0
0.0
0.0
0.0
0.0
0.0
0.0
0.0
0.0
0.0
0.0
0.0
0.0
0.0
0.0
0.0
0.004077388904988766
0.0
0.0
0.0029138713143765926
0.0
0.0
0.0
0.0
0.0
0.0
0.0
0.0
0.0
0.0
0.0
0.0
0.0
0.0
0.0
0.0
0.0
0.0
0.0
0.0
0.0
0.0
0.0
0.0
0.0
0.0
0.0
0.0
0.0
0.0
0.0
0.004551935009658337
0.0
0.0
0.0
0.004191521555185318
0.004551935009658337
0.0
0.004308607429265976
0.0
0.0
0.0
0.0
0.0
0.0
0.0
0.004551935009658337
0.0
0.0
0.0
0.0
0.0
0.0
0.0
0.0
0.0
0.0
0.0
0.0
0.0
0.0
0.0
0.004308607429265976
0.0
0.0
0.0
0.0
0.0
0.0
0.0
0.0
0.0
0.0
0.0
0.0
0.0
0.0
0.0
0.0
0.0
0.0
0.0
0.0
0.0
0.0
0.0
0.0
0.0
0.0
0.0
0.0
0.0
0.0
0.0
0.0
0.0
0.0
0.0
0.0
0.0
0.0
0.0
0.0
0.0
0.0
0.0
0.004551935009658337
0.0
0.0
0.0
0.0
0.0
0.0
0.0
0.0
0.0
0.0
0.0
0.0
0.0
0.0
0.0
0.0
0.0
0.0
0.0
0.0
0.0
0.0
0.0
0.0
0.0
0.004551935009658337
0.0
0.0
0.0
0.0
0.0
0.0
0.0
0.0
0.0
0.0
0.0
0.0
0.0
0.0
0.0
0.0
0.004551935009658337
0.0
0.0
0.0
0.0
0.0
0.0
0.0
0.0
0.0
0.0
0.0
0.0
0.0
0.0
0.0
0.0
0.0
0.0
0.004308607429265976
0.0
0.0
0.0
0.0
0.004308607429265976
0.0
0.0
0.0
0.0
0.0
0.003752010175958276
0.0
0.0
0.0
0.0
0.0
0.0
0.0
0.0
0.0
0.0
0.0
0.0
0.0
0.0
0.0
0.0
0.0
0.0
0.0
0.0
0.0
0.0
0.0
0.0
0.0
0.0
0.0
0.0036489972844719887
0.0
0.0
0.0
0.0
0.0
0.0
0.0
0.0
0.0
0.004191521555185318
0.0
0.0
0.0
0.0038577017839998007
0.004551935009658337
0.0
0.0
0.0
0.0
0.0
0.0
0.0
0.0
0.0
0.004551935009658337
0.0
0.0
0.0
0.0
0.0
0.0
0.0
0.0
0.0
0.0
0.0
0.0
0.0
0.0
0.0
0.0
0.0
0.0
0.0
0.0027526812627911568
0.0
0.0
0.0
0.0
0.0
0.0
0.0
0.0
0.0
0.0
0.0
0.0
0.0
0.0
0.0
0.0
0.0
0.0
0.0
0.0
0.0
0.0
0.0
0.0
0.0
0.0
0.0
0.0
0.004308607429265976
0.0
0.0
0.0
0.0
0.0
0.0
0.0
0.0
0.0
0.0
0.0
0.0
0.0
0.0
0.0
0.0
0.0
0.0
0.004551935009658337
0.0
0.0
0.004551935009658337
0.0
0.0
0.0
0.0
0.0
0.0
0.0
0.0
0.0
0.0
0.0
0.0
0.0
0.0
0.0
0.0
0.0
0.0
0.0
0.0
0.0
0.0
0.004551935009658337
0.0
0.0
0.0
0.0
0.0
0.0
0.0
0.0
0.0
0.0
0.0
0.0
0.0
0.0
0.0
0.0
0.0
0.0
0.0
0.0
0.0028322285506874323
0.004551935009658337
0.0
0.0
0.0
0.0
0.0
0.0
0.0
0.0
0.0
0.0
0.0
0.0
0.0
0.0
0.0
0.0
0.0
0.0
0.0
0.0
0.0
0.004551935009658337
0.0
0.0
0.0
0.0
0.0
0.0
0.0
0.0
0.0
0.0
0.0
0.0
0.0
0.0
0.0
0.0
0.0
0.0
0.0
0.0
0.0
0.0
0.0
0.0
0.0
0.0
0.0
0.0
0.0
0.0
0.0
0.0
0.0
0.0
0.0
0.0
0.0
0.0
0.0
0.0
0.003548598615452647
0.0
0.0
0.0
0.0
0.004551935009658337
0.0
0.0
0.004308607429265976
0.0
0.0
0.0
0.0
0.0
0.0
0.0
0.0
0.0
0.0
0.0
0.0
0.0
0.0
0.004551935009658337
0.0
0.0
0.0
0.0
0.0
0.0
0.0
0.0
0.0
0.0
0.0
0.0
0.0
0.0
0.0
0.004551935009658337
0.0
0.0
0.0
0.0
0.0
0.0
0.0
0.0
0.0
0.0
0.0
0.0032624616287648678
0.0
0.003355391789227724
0.0
0.0
0.0
0.0
0.004551935009658337
0.0
0.0
0.0
0.0
0.0
0.0
0.0
0.0
0.0
0.0
0.0
0.0
0.0
0.0
0.0
0.0
0.004489935003221035
0.004551935009658337
0.0
0.0
0.0
0.0
0.0
0.004489935003221035
0.0
0.0
0.0
0.0
0.0
0.0
0.0
0.0
0.0
0.0
0.0
0.004551935009658337
0.0
0.0
0.0
0.0
0.0
0.0
0.0
0.0
0.0
0.0
0.0
0.0
0.0
0.0
0.0
0.0
0.0
0.0
0.0
0.0
0.0
0.0
0.0
0.0
0.0
0.0
0.0
0.0
0.0
0.0
0.0
0.0
0.0
0.0
0.00299766194075346
0.0
0.0
0.0
0.0
0.0
0.0
0.0
0.0
0.0
0.0
0.0
0.0
0.0
0.0
0.0
0.0
0.0
0.0
0.0
0.0
0.0
0.004308607429265976
0.0
0.0
0.0
0.0
0.0
0.0
0.0
0.0
0.003911572974175215
0.0
0.0
0.0
0.0
0.0
0.0
0.0
0.0
0.004551935009658337
0.0
0.0
0.0
0.0
0.0
0.0
0.0
0.004551935009658337
0.0
0.0
0.0
0.0
0.0
0.0
0.0
0.0
0.0
0.0027526812627911568
0.0
0.0
0.0
0.0
0.0
0.0
0.0
0.0
0.0
0.0
0.0
0.004308607429265976
0.0
0.0
0.0
0.004308607429265976
0.0
0.0
0.0
0.0
0.0
0.0
0.0
0.0
0.0
0.0
0.0
0.0
0.0
0.0
0.0
0.0
0.0027526812627911568
0.0
0.0
0.0
0.0
0.0036489972844719887
0.0
0.0
0.0
0.0
0.0
0.0
0.004308607429265976
0.0
0.0
0.0
0.0
0.0
0.0
0.0031719014514237642
0.0
0.0
0.0
0.0
0.0
0.0
0.0
0.0
0.0
0.0
0.0
0.0
0.0
0.0
0.0
0.0
0.0
0.0
0.0
0.0
0.0
0.0
0.0
0.0
0.0
0.0
0.0
0.0
0.0
0.0
0.0
0.0038577017839998007
0.0
0.0
0.0
0.0
0.0
0.0
0.0
0.0
0.0
0.0
0.0
0.0
0.0
0.0
0.0
0.0
0.0
0.0
0.0
0.0
0.0
0.0
0.0
0.0
0.0
0.0
0.0
0.0
0.0
0.0
0.0
0.0
0.0
0.0
0.0
0.0
0.0
0.0
0.0
0.0
0.0
0.0
0.0
0.0
0.0
0.0
0.0
0.0
0.0
0.0
0.0
0.0
0.0
0.0
0.0
0.0
0.0
0.0
0.0
0.0
0.0
0.0
0.0
0.0
0.0
0.0
0.0
0.0
0.0
0.0
0.0
0.0
0.0
0.0
0.0
0.0
0.0
0.0
0.0
0.0
0.0
0.0
0.0
0.0
0.0
0.0
0.0
0.0
0.0
0.0
0.0
0.0
0.0
0.0
0.0
0.004551935009658337
0.0
0.0
0.0
0.0
0.0
0.0
0.0
0.0
0.0
0.0
0.0
0.0
0.0
0.0
0.0
0.0
0.0
0.0
0.0
0.0
0.0
0.0034507508389651775
0.0
0.0
0.0
0.0
0.0
0.0
0.0
0.0
0.0
0.0
0.0
0.0
0.0
0.0
0.0
0.0
0.0
0.0
0.0
0.004551935009658337
0.0
0.0
0.0
0.0
0.0
0.0
0.0
0.0
0.0
0.0
0.0
0.0028322285506874323
0.0
0.0
0.0
0.0
0.0
0.0
0.0
0.0
0.0
0.0
0.0
0.0
0.0
0.0
0.0
0.0
0.0
0.0
0.0
0.0
0.0
0.0
0.0
0.0
0.0
0.0
0.0
0.0
0.0
0.0
0.0
0.0
0.0
0.0
0.0
0.0
0.0
0.0
0.0
0.0
0.0
0.0
0.0
0.0
0.0
0.0
0.0
0.0
0.0
0.0
0.0
0.0
0.0
0.0
0.0
0.0
0.0
0.0
0.0
0.0
0.0
0.0
0.0
0.0
0.0
0.0
0.0
0.0
0.0028322285506874323
0.0
0.0
0.0
0.0
0.0
0.0
0.0
0.0
0.0
0.0
0.0
0.0
0.0
0.0
0.0
0.0
0.0
0.0
0.0
0.004308607429265976
0.0
0.0
0.0
0.0
0.0
0.0
0.0
0.0
0.0
0.0
0.004551935009658337
0.0
0.0
0.0
0.0
0.0032624616287648678
0.0
0.0
0.0
0.0
0.0
0.004551935009658337
0.0
0.0
0.0
0.0
0.0
0.0
0.0
0.0
0.0
0.0
0.0
0.0
0.0
0.0
0.0
0.0
0.004308607429265976
0.0
0.0
0.0
0.004551935009658337
0.0
0.0
0.0
0.0
0.0
0.0
0.0
0.0
0.0
0.0
0.0
0.0
0.0
0.0
0.0
0.0
0.0
0.0
0.0
0.0
0.0
0.0
0.0
0.0
0.0
0.0
0.0
0.0
0.0
0.0
0.0
0.0
0.004551935009658337
0.0
0.0
0.0
0.0
0.0
0.0
0.0
0.0
0.004308607429265976
0.0
0.0
0.0
0.0
0.0
0.0
0.0
0.0
0.0
0.0
0.0
0.0
0.0
0.0
0.0
0.0
0.0
0.0
0.0
0.0
0.0
0.0030836535152047873
0.0
0.0
0.0
0.0
0.0
0.0
0.0
0.0
0.0
0.0
0.0
0.0
0.0
0.0031719014514237642
0.0
0.0
0.0
0.0
0.0
0.0
0.0
0.0
0.0
0.0
0.0
0.0
0.0
0.0029138713143765926
0.0
0.0
0.0
0.0
0.0
0.0
0.0
0.0
0.0
0.0
0.004308607429265976
0.0
0.0
0.0
0.0
0.0
0.0
0.0
0.0
0.0
0.0
0.0
0.0
0.0
0.0
0.0
0.0
0.0
0.0
0.0
0.0
0.0
0.0
0.0
0.0
0.0
0.0
0.0
0.0
0.0
0.0
0.0
0.004551935009658337
0.0
0.0
0.0
0.0
0.0
0.0
0.0
0.0
0.0
0.0
0.0
0.0
0.0
0.0
0.0
0.0
0.0
0.004308607429265976
0.0
0.0
0.0
0.0
0.0
0.0
0.0
0.0
0.0
0.0
0.0
0.0
0.0
0.0
0.0
0.0
0.0
0.0
0.0
0.0
0.0
0.0
0.0
0.004551935009658337
0.0
0.004551935009658337
0.0
0.004308607429265976
0.0
0.0
0.0
0.0
0.0
0.0
0.0
0.0
0.0
0.0
0.0
0.0
0.0
0.0
0.0
0.0
0.0
0.0
0.0
0.0
0.004551935009658337
0.0
0.0
0.0
0.0
0.0
0.0034507508389651775
0.007689271587878466
0.007689271587878466
0.007689271587878466
0.007689271587878466
0.007689271587878466
0.007689271587878466
0.007689271587878466
0.007689271587878466
0.007689271587878466
0.007689271587878466
0.007280176039785147
0.007689271587878466
0.007689271587878466
0.007689271587878466
0.007689271587878466
0.007689271587878466
0.006170880515128374
0.007689271587878466
0.007689271587878466
0.007689271587878466
0.007689271587878466
0.007280176039785147
0.007280176039785147
0.007689271587878466
0.007689271587878466
0.007689271587878466
0.007689271587878466
0.007689271587878466
0.007689271587878466
0.007689271587878466
0.007689271587878466
0.007689271587878466
0.007689271587878466
0.007689271587878466
0.007689271587878466
0.007689271587878466
0.007689271587878466
0.007689271587878466
0.007280176039785147
0.007689271587878466
0.007280176039785147
0.007689271587878466
0.007689271587878466
0.007689271587878466
0.007689271587878466
0.007689271587878466
0.007689271587878466
0.007689271587878466
0.007689271587878466
0.007689271587878466
0.007689271587878466
0.007689271587878466
0.007689271587878466
0.007689271587878466
0.007689271587878466
0.007689271587878466
0.007280176039785147
0.007689271587878466
0.007689271587878466
0.007689271587878466
0.007689271587878466
0.007689271587878466
0.007689271587878466
0.007689271587878466
0.007689271587878466
0.007689271587878466
0.007689271587878466
0.007689271587878466
0.007689271587878466
0.007689271587878466
0.007689271587878466
0.007689271587878466
0.007689271587878466
0.005368185229599476
0.007689271587878466
0.007689271587878466
0.007689271587878466
0.007689271587878466
0.007689271587878466
0.007689271587878466
0.007689271587878466
0.007689271587878466
0.007689271587878466
0.007689271587878466
0.007689271587878466
0.007689271587878466
0.006704293191432953
0.007689271587878466
0.006891381461173296
0.007689271587878466
0.007689271587878466
0.007689271587878466
0.007689271587878466
0.007689271587878466
0.007689271587878466
0.007689271587878466
0.007689271587878466
0.007689271587878466
0.007689271587878466
0.007689271587878466
0.007689271587878466
0.007689271587878466
0.007689271587878466
0.007689271587878466
0.007689271587878466
0.007689271587878466
0.007689271587878466
0.007083302363753319
0.007689271587878466
0.007689271587878466
0.007689271587878466
0.007689271587878466
0.007689271587878466
0.007689271587878466
0.007689271587878466
0.007689271587878466
0.007689271587878466
0.007689271587878466
0.007689271587878466
0.007689271587878466
0.007689271587878466
0.007689271587878466
0.007689271587878466
0.007689271587878466
0.00718111265450716
0.007689271587878466
0.007689271587878466
0.007689271587878466
0.007689271587878466
0.007689271587878466
0.007689271587878466
0.007689271587878466
0.007689271587878466
0.007689271587878466
0.007689271587878466
0.007689271587878466
0.007689271587878466
0.007689271587878466
0.007689271587878466
0.007689271587878466
0.007689271587878466
0.007689271587878466
0.007689271587878466
0.007689271587878466
0.007689271587878466
0.007689271587878466
0.007689271587878466
0.007689271587878466
0.007689271587878466
0.007689271587878466
0.007689271587878466
0.007689271587878466
0.007280176039785147
0.007689271587878466
0.007280176039785147
0.007689271587878466
0.007689271587878466
0.007689271587878466
0.007689271587878466
0.007689271587878466
0.007689271587878466
0.00625696312636137
0.007689271587878466
0.007689271587878466
0.007689271587878466
0.007689271587878466
0.007689271587878466
0.007689271587878466
0.007689271587878466
0.007689271587878466
0.007689271587878466
0.007689271587878466
0.007689271587878466
0.007689271587878466
0.007689271587878466
0.007689271587878466
0.007689271587878466
0.007689271587878466
0.007689271587878466
0.007689271587878466
0.007689271587878466
0.007689271587878466
0.007689271587878466
0.007689271587878466
0.007689271587878466
0.007689271587878466
0.007689271587878466
0.007689271587878466
0.007689271587878466
0.007689271587878466
0.007689271587878466
0.007689271587878466
0.007689271587878466
0.007689271587878466
0.007689271587878466
0.007689271587878466
0.007689271587878466
0.007689271587878466
0.007689271587878466
0.007689271587878466
0.007689271587878466
0.007689271587878466
0.007689271587878466
0.007689271587878466
0.007689271587878466
0.007689271587878466
0.007689271587878466
0.007689271587878466
0.007689271587878466
0.007689271587878466
0.007689271587878466
0.007689271587878466
0.007689271587878466
0.007689271587878466
0.007689271587878466
0.007689271587878466
0.007689271587878466
0.007689271587878466
0.007689271587878466
0.007689271587878466
0.007689271587878466
0.007689271587878466
0.007689271587878466
0.00600198982283473
0.007689271587878466
0.007689271587878466
0.007689271587878466
0.007689271587878466
0.007689271587878466
0.007689271587878466
0.007689271587878466
0.007689271587878466
0.007689271587878466
0.007689271587878466
4.233994483947754
0.007689271587878466
0.007689271587878466
0.007689271587878466
0.007689271587878466
0.007689271587878466
0.005074949935078621
0.007689271587878466
0.005443889647722244
0.007689271587878466
0.007689271587878466
0.007689271587878466
0.007689271587878466
0.007689271587878466
0.007689271587878466
0.007689271587878466
0.007689271587878466
0.007689271587878466
0.007280176039785147
0.007689271587878466
0.007689271587878466
0.007689271587878466
0.007689271587878466
0.007689271587878466
0.007689271587878466
0.007689271587878466
0.007689271587878466
0.007280176039785147
0.007689271587878466
0.007689271587878466
0.007689271587878466
0.0
0.007689271587878466
0.007689271587878466
0.007689271587878466
0.007689271587878466
0.007689271587878466
0.007689271587878466
0.007689271587878466
0.007689271587878466
0.007689271587878466
0.007689271587878466
0.007689271587878466
0.007689271587878466
0.007689271587878466
0.007689271587878466
0.007689271587878466
0.007689271587878466
0.004404956474900246
0.007689271587878466
0.007689271587878466
0.007689271587878466
0.007689271587878466
0.007689271587878466
0.0
0.0
0.0
0.0
0.0
0.0
0.0
0.004077388904988766
0.0
0.0
0.0
0.0
0.0
0.0
0.0
0.0
0.0
0.0
0.0
0.0
0.0
0.0
0.0
0.0
0.0
0.0
0.0
0.0
0.0
0.0
0.0
0.0
0.0
0.004551935009658337
0.0
0.0
0.0
0.0
0.0
0.0
0.0
0.0
0.0
0.004551935009658337
0.0
0.0
0.0
0.0
0.0
0.0
0.0
0.0
0.0
0.0
0.0
0.0
0.0
0.0
0.0
0.0
0.0
0.0
0.0
0.0
0.0
0.0
0.0
0.0
0.0
0.004551935009658337
0.0
0.0
0.0
0.0
0.0
0.0
0.0
0.0029138713143765926
0.0
0.0
0.0
0.0
0.0
0.0
0.0
0.0
0.0
0.0
0.0
0.0
0.0
0.0
0.0
0.0
0.0
0.0
0.0
0.0
0.0
0.0
0.0
0.0
0.0
0.004551935009658337
0.0
0.0
0.0
0.0
0.0
0.0
0.0
0.0
0.0
0.0
0.0
0.0
0.0
0.0
0.0
0.0
0.0
0.0
0.0
0.0
0.0
0.0
0.0
0.0
0.0
0.0
0.004308607429265976
0.0
0.0
0.0
0.0
0.0
0.0
0.0
0.004551935009658337
0.0
0.0
0.0
0.0
0.0
0.0
0.0
0.0
0.0
0.0
0.0
0.0
0.0
0.0
0.0
0.0
0.0
0.0
0.0
0.0
0.0
0.0
0.0
0.0
0.0
0.0
0.0
0.0
0.0
0.0
0.004308607429265976
0.0
0.0
0.0
0.0
0.0
0.0036489972844719887
0.0
0.0
0.0
0.0
0.0
0.0
0.0
0.0
0.0
0.003355391789227724
0.0
0.0
0.0
0.0
0.0
0.0
0.0
0.0
0.0
0.0
0.0
0.0
0.0
0.0
0.0
0.0
0.0
0.0
0.0
0.0
0.0
0.0
0.0
0.0
0.0
0.0
0.0
0.0
0.004551935009658337
0.0
0.0
0.0
0.0
0.0
0.0
0.004308607429265976
0.0
0.0
0.0
0.0
0.0
0.004551935009658337
0.0
0.0
0.0
0.0
0.0
0.0
0.0
0.0
0.0
0.0
0.0
0.0
0.0
0.0
0.0
0.0
0.0
0.0
0.0
0.0
0.0
0.0
0.0
0.004551935009658337
0.0
0.0
0.0
0.0
0.0
0.0
0.0
0.0
0.0
0.004308607429265976
0.004308607429265976
0.0
0.0
0.0
0.0
0.0
0.0
0.0
0.0
0.0
0.0
0.0
0.0
0.0
0.0
0.0
0.004308607429265976
0.0
0.0
0.0
0.0
0.0
0.0
0.0
0.0
0.0
0.0
0.0
0.0
0.0
0.0027526812627911568
0.0
0.0
0.0
0.0
0.0
0.004551935009658337
0.0
0.0
0.0
0.0
0.0
0.0
0.0
0.0
0.0
0.0
0.0
0.004551935009658337
0.0
0.0
0.0
0.0
0.0044287205673754215
0.004551935009658337
0.0
0.0
0.0
0.0
0.0
0.0
0.0
0.0
0.0
0.0
0.0
0.0
0.0
0.0
0.0
0.0
0.0
0.0
0.0
0.0
0.0
0.0
0.0
0.0
0.0
0.0
0.0
0.004077388904988766
0.0
0.0
0.0
0.004308607429265976
0.0
0.0
0.0
0.0
0.0
0.0
0.0
0.0
0.0
0.0
0.0
0.0
0.0
0.0
0.0
0.0
0.0
0.0
0.0
0.0
0.0
0.0
0.0
0.0
0.0
0.0
0.0
0.0
0.0
0.0
0.0
0.0
0.0
0.0
0.0
0.0
0.004308607429265976
0.0
0.0
0.0
0.0
0.0031719014514237642
0.0
0.0
0.0
0.0
0.0
0.0
0.0
0.0
0.0
0.0
0.0
0.0
0.0
0.0
0.0
0.0
0.0
0.0
0.0
0.0
0.0
0.0
0.0
0.0
0.0
0.0
0.0
0.0
0.0
0.0
0.0
0.0
0.0
0.0
0.004191521555185318
0.0
0.0
0.0
0.0
0.0
0.0
0.0
0.0
0.0
0.0
0.0
0.0
0.0
0.0
0.0
0.0
0.0
0.0
0.0
0.0
0.0
0.0
0.0
0.0
0.0
0.0
0.0
0.0
0.0
0.0
0.0
0.0
0.004308607429265976
0.0
0.0
0.0
0.0
0.0
0.0
0.0
0.0
0.0
0.0
0.0
0.0
0.0
0.0
0.0
0.0
0.0
0.0
0.0
0.0
0.0
0.0
0.0
0.0
0.0
0.0
0.0
0.0
0.0
0.0
0.0
0.0
0.0
0.0
0.0
0.0
0.0
0.0030836535152047873
0.0
0.0
0.0
0.0
0.0
0.0
0.0
0.0
0.0
0.0
0.0
0.0
0.0
0.0
0.0
0.0
0.0
0.0
0.0
0.0
0.0
0.0
0.0
0.0
0.0
0.0027136774733662605
0.0
0.0
0.0
0.0
0.0
0.0
0.0
0.0
0.0
0.0
0.0
0.0
0.0
0.0
0.0
0.0
0.0
0.0
0.0
0.0
0.0
0.0
0.0
0.0
0.0
0.0
0.0
0.0
0.0
0.0
0.0
0.0
0.004191521555185318
0.0
0.0
0.0
0.0
0.0
0.0
0.0
0.0
0.0
0.0
0.0
0.003966138698160648
0.0
0.0
0.0
0.0
0.0
0.0
0.0
0.0
0.004551935009658337
0.0
0.0
0.0
0.0
0.0
0.0
0.0
0.0
0.004551935009658337
0.004077388904988766
0.0
0.0
0.0
0.004551935009658337
0.0
0.0
0.0
0.0
0.0
0.0
0.0
0.0
0.0
0.0
0.0
0.0
0.0
0.0
0.0
0.0
0.0
0.0
0.0
0.004551935009658337
0.0
0.0
0.0
0.0
0.0
0.0
0.0
0.0
0.0
0.0
0.0
0.004308607429265976
0.0
0.0
0.0
0.0
0.0
0.0
0.0
0.0
0.0
0.0
0.0
0.0
0.0
0.0
0.0
0.0
0.0
0.0
0.0
0.0
0.0
0.0
0.0
0.0
0.0
0.0
0.0
0.0
0.0
0.0
0.0
0.0
0.0
0.004077388904988766
0.0
0.0
0.0
0.0
0.0
0.0
0.0
0.0
0.0
0.0
0.0
0.0026751786936074495
0.0
0.0
0.0
0.0
0.0
0.0
0.0
0.0
0.004308607429265976
0.0
0.0
0.0
0.0
0.0
0.0
0.0
0.0
0.0
0.0
0.0
0.0
0.0
0.0
0.0
0.0
0.0
0.0
0.0
0.0
0.0
0.0
0.0
0.0
0.0
0.0
0.0
0.0
0.004551935009658337
0.0
0.0
0.0
0.0
0.0
0.0
0.0
0.0
0.0
0.0
0.0
0.0
0.0
0.0
0.004551935009658337
0.0
0.0
0.0
0.0
0.0
0.0
