[0. 0. 0. 0. 0. 0. 0. 0. 0. 0. 0. 0. 0. 0. 0. 0. 0. 0. 0. 0. 0. 0. 0. 0.
 0. 0. 0. 0. 0. 0. 0. 0. 0. 0. 0. 0. 0. 0. 0. 0. 0. 0. 0. 0. 0. 0. 0. 0.
 0. 0.]
[0. 0. 0. 0. 0. 0. 0. 0. 0. 0. 0. 0. 0. 0. 0. 0. 0. 0. 0. 0. 0. 0. 0. 0.
 0. 0. 0. 0. 0. 0. 0. 0. 0. 0. 0. 0. 0. 0. 0. 0. 0. 0. 0. 0. 0. 0. 0. 0.
 0. 0.]
[0. 0. 0. 0. 0. 0. 0. 0. 0. 0. 0. 0. 0. 0. 0. 0. 0. 0. 0. 0. 0. 0. 0. 0.
 0. 0. 0. 0. 0. 0. 0. 0. 0. 0. 0. 0. 0. 0. 0. 0. 0. 0. 0. 0. 0. 0. 0. 0.
 0. 0.]
[0. 0. 0. 0. 0. 0. 0. 0. 0. 0. 0. 0. 0. 0. 0. 0. 0. 0. 0. 0. 0. 0. 0. 0.
 0. 0. 0. 0. 0. 0. 0. 0. 0. 0. 0. 0. 0. 0. 0. 0. 0. 0. 0. 0. 0. 0. 0. 0.
 0. 0.]
[0. 0. 0. 0. 0. 0. 0. 0. 0. 0. 0. 0. 0. 0. 0. 0. 0. 0. 0. 0. 0. 0. 0. 0.
 0. 0. 0. 0. 0. 0. 0. 0. 0. 0. 0. 0. 0. 0. 0. 0. 0. 0. 0. 0. 0. 0. 0. 0.
 0. 0.]
[0. 0. 0. 0. 0. 0. 0. 0. 0. 0. 0. 0. 0. 0. 0. 0. 0. 0. 0. 0. 0. 0. 0. 0.
 0. 0. 0. 0. 0. 0. 0. 0. 0. 0. 0. 0. 0. 0. 0. 0. 0. 0. 0. 0. 0. 0. 0. 0.
 0. 0.]
[0. 0. 0. 0. 0. 0. 0. 0. 0. 0. 0. 0. 0. 0. 0. 0. 0. 0. 0. 0. 0. 0. 0. 0.
 0. 0. 0. 0. 0. 0. 0. 0. 0. 0. 0. 0. 0. 0. 0. 0. 0. 0. 0. 0. 0. 0. 0. 0.
 0. 0.]
[0.57254575 0.57832904 0.58417075 0.59007146 0.59603178 0.6020523
 0.60813364 0.61427641 0.62048122 0.6267487  0.6330795  0.63947424
 0.64593358 0.65245816 0.65904865 0.6657057  0.67243    0.67922222
 0.68608306 0.69301319 0.70001332 0.70708416 0.71422643 0.72144083
 0.72872812 0.73608901 0.74352425 0.75103459 0.7586208  0.76628364
 0.77402388 0.7818423  0.7897397  0.79771687 0.80577461 0.81391375
 0.8221351  0.8304395  0.83882777 0.84730078 0.85585937]
[0.84587431 0.8544185  0.86304899 0.87176665 0.88057238 0.88946705
 0.89845156 0.90752683 0.91669377 0.9259533  0.93530637 0.94475391
 0.95429688]
[0.83433054 0.84275812 0.85127082 0.85986952 0.86855507 0.87732835
 0.88619026 0.89514167 0.90418351 0.91331668 0.9225421  0.9318607
 0.94127344 0.95078125]
[0.76807864 0.77583701 0.78367375 0.79158965 0.7995855  0.80766212
 0.81582033 0.82406094 0.83238478 0.84079271 0.84928557 0.85786421
 0.8665295  0.87528233 0.88412356 0.8930541  0.90207485 0.91118672
 0.92039063 0.9296875 ]
[0.77877085 0.78663722 0.79458305 0.80260914 0.81071631 0.81890536
 0.82717713 0.83553246 0.84397218 0.85249715 0.86110823 0.8698063
 0.87859222 0.88746689 0.8964312  0.90548606 0.91463238 0.92387109
 0.93320313]
[0.65908459 0.66574201 0.67246668 0.67925927 0.68612047 0.69305098
 0.7000515  0.70712273 0.71426538 0.72148018 0.72876786 0.73612915
 0.7435648  0.75107556 0.75866218 0.76632543 0.77406609 0.78188494
 0.78978277 0.79776037 0.80581856 0.81395814 0.82217994 0.83048479
 0.83887352 0.84734699 0.85590605 0.86455157 0.87328441 0.88210547
 0.89101562]
[0.83433054 0.84275812 0.85127082 0.85986952 0.86855507 0.87732835
 0.88619026 0.89514167 0.90418351 0.91331668 0.9225421  0.9318607
 0.94127344 0.95078125]
[0.82293305 0.8312455  0.83964192 0.84812315 0.85669005 0.86534349
 0.87408433 0.88291346 0.89183178 0.90084018 0.90993958 0.91913089
 0.92841504 0.93779297 0.94726562]
[0.76807864 0.77583701 0.78367375 0.79158965 0.7995855  0.80766212
 0.81582033 0.82406094 0.83238478 0.84079271 0.84928557 0.85786421
 0.8665295  0.87528233 0.88412356 0.8930541  0.90207485 0.91118672
 0.92039063 0.9296875 ]
[0.86940792 0.87818982 0.88706043 0.89602063 0.90507135 0.91421348
 0.92344796 0.93277572 0.9421977  0.95171484 0.96132812]
[0.86940792 0.87818982 0.88706043 0.89602063 0.90507135 0.91421348
 0.92344796 0.93277572 0.9421977  0.95171484 0.96132812]
[0.60582509 0.61194454 0.6181258  0.62436949 0.63067625 0.63704672
 0.64348154 0.64998135 0.65654682 0.6631786  0.66987738 0.67664382
 0.6834786  0.69038243 0.69735599 0.70439999 0.71151514 0.71870216
 0.72596178 0.73329472 0.74070174 0.74818358 0.75574099 0.76337473
 0.77108559 0.77887433 0.78674175 0.79468864 0.80271579 0.81082404
 0.81901418 0.82728705 0.83564348 0.84408433 0.85261043 0.86122266
 0.86992187]
[0.85756617 0.86622846 0.87497824 0.8838164  0.89274384 0.90176146
 0.91087016 0.92007087 0.92936451 0.93875203 0.94823437 0.9578125 ]
[0.86940792 0.87818982 0.88706043 0.89602063 0.90507135 0.91421348
 0.92344796 0.93277572 0.9421977  0.95171484 0.96132812]
[0. 0. 0. 0. 0. 0. 0. 0. 0. 0. 0. 0. 0. 0. 0. 0. 0. 0. 0. 0. 0. 0. 0. 0.
 0. 0. 0. 0. 0. 0. 0. 0. 0. 0. 0. 0. 0. 0. 0. 0. 0. 0. 0. 0. 0. 0. 0. 0.
 0. 0.]
[0.9309301  0.94033344 0.94983176 0.95942602 0.96911719 0.97890625]
[0.9309301  0.94033344 0.94983176 0.95942602 0.96911719 0.97890625]
[0.86940792 0.87818982 0.88706043 0.89602063 0.90507135 0.91421348
 0.92344796 0.93277572 0.9421977  0.95171484 0.96132812]
[0.85756617 0.86622846 0.87497824 0.8838164  0.89274384 0.90176146
 0.91087016 0.92007087 0.92936451 0.93875203 0.94823437 0.9578125 ]
[0.88140141 0.89030445 0.89929743 0.90838124 0.91755681 0.92682506
 0.93618693 0.94564336 0.95519531 0.96484375]
[0.88140141 0.89030445 0.89929743 0.90838124 0.91755681 0.92682506
 0.93618693 0.94564336 0.95519531 0.96484375]
[0.83433054 0.84275812 0.85127082 0.85986952 0.86855507 0.87732835
 0.88619026 0.89514167 0.90418351 0.91331668 0.9225421  0.9318607
 0.94127344 0.95078125]
[0.9309301  0.94033344 0.94983176 0.95942602 0.96911719 0.97890625]
[0.9309301  0.94033344 0.94983176 0.95942602 0.96911719 0.97890625]
[0.9309301  0.94033344 0.94983176 0.95942602 0.96911719 0.97890625]
[0.9309301  0.94033344 0.94983176 0.95942602 0.96911719 0.97890625]
[0.9309301  0.94033344 0.94983176 0.95942602 0.96911719 0.97890625]
[0.9309301  0.94033344 0.94983176 0.95942602 0.96911719 0.97890625]
[0.9309301  0.94033344 0.94983176 0.95942602 0.96911719 0.97890625]
[0.9309301  0.94033344 0.94983176 0.95942602 0.96911719 0.97890625]
[0.9309301  0.94033344 0.94983176 0.95942602 0.96911719 0.97890625]
[0.9309301  0.94033344 0.94983176 0.95942602 0.96911719 0.97890625]
[0.84587431 0.8544185  0.86304899 0.87176665 0.88057238 0.88946705
 0.89845156 0.90752683 0.91669377 0.9259533  0.93530637 0.94475391
 0.95429688]
[0.9309301  0.94033344 0.94983176 0.95942602 0.96911719 0.97890625]
[0.9309301  0.94033344 0.94983176 0.95942602 0.96911719 0.97890625]
