0.0
0.0
1.1123377084732056
0.0
1.4304627180099487
1.0122662782669067
0.0
0.0
0.0
0.0
0.0
0.0
0.0
0.0
0.0
2.201866388320923
0.0
0.0
1.3901169300079346
0.0
0.0
0.0
0.7097883224487305
1.9722164869308472
0.0
2.200390338897705
0.0
1.6905698776245117
0.0
0.8204459547996521
1.1041184663772583
0.0
0.8610696196556091
1.1820030212402344
0.0
0.0
0.0
0.0
1.0359323024749756
0.7285115122795105
1.8654916286468506
1.7620311975479126
0.0
0.0
2.1396596431732178
0.0
0.0
0.0
2.10022234916687
1.2390638589859009
0.0
0.8912535309791565
0.0
1.0899109840393066
0.0
1.3366608619689941
1.3922213315963745
0.7446767687797546
2.2706944942474365
0.0
0.0
1.2233142852783203
0.0
1.2682520151138306
1.1059709787368774
1.2465533018112183
0.8780173063278198
2.3467917442321777
0.7536839246749878
1.2597943544387817
1.1488871574401855
2.012746572494507
1.139634132385254
1.2634328603744507
1.4012870788574219
1.2454643249511719
0.7401571273803711
0.0
1.1741783618927002
1.013349175453186
1.4004791975021362
2.464658260345459
0.0
1.003893256187439
1.0001225471496582
0.8996212482452393
0.0
0.0
0.7157408595085144
0.0
0.0
0.9127180576324463
0.899523138999939
0.0
1.3428715467453003
2.2840049266815186
2.6476874351501465
1.5321643352508545
0.8630521297454834
1.380680799484253
1.3652900457382202
1.3643332719802856
0.803307294845581
0.8267459869384766
0.7670131325721741
0.0
0.9504536390304565
0.0
0.0
0.0
0.8191826939582825
0.8169054388999939
1.2019190788269043
0.816280722618103
0.77880859375
0.6489223837852478
2.3482346534729004
1.639100432395935
0.5795387029647827
0.0
1.8369343280792236
0.0
2.9201765060424805
0.0
0.7982812523841858
1.3327915668487549
0.7947429418563843
0.0
0.7918544411659241
0.7555165886878967
0.7727159857749939
0.7374719381332397
1.1661971807479858
0.7102132439613342
2.619032621383667
2.892642021179199
0.6753292679786682
1.2725048065185547
0.6624196171760559
0.6570501923561096
2.8740251064300537
1.3065500259399414
0.6163129806518555
0.5991759300231934
0.0
1.2454402446746826
1.4772148132324219
1.7500706911087036
2.8380119800567627
0.9426563382148743
1.2094441652297974
2.001164197921753
1.2318531274795532
0.6681861281394958
0.6929221749305725
2.8792884349823
0.5539593696594238
0.7243221998214722
1.1836130619049072
0.6942313313484192
0.6883459687232971
0.0
0.6844840049743652
0.0
1.896588683128357
0.6754435300827026
0.5764156579971313
2.4835104942321777
1.0954921245574951
2.2739205360412598
0.7602675557136536
0.0
0.8411661982536316
0.8332887887954712
0.8609035015106201
1.0706310272216797
0.9337888956069946
0.0
1.0702779293060303
0.6126831769943237
0.7188385128974915
0.8600296974182129
1.0265636444091797
0.0
0.8217557668685913
0.0
0.7989298701286316
2.4510903358459473
2.0281569957733154
2.852644920349121
2.716660737991333
1.0860267877578735
0.7849042415618896
0.0
0.7700487971305847
0.6712501049041748
0.7750766277313232
2.7543094158172607
1.1221336126327515
0.7308448553085327
1.1854466199874878
1.6486403942108154
0.7049230337142944
0.6864750385284424
0.6994813680648804
1.1638782024383545
0.46881625056266785
0.6822044849395752
0.0
0.6695753931999207
0.6468504071235657
1.2623014450073242
1.3164993524551392
0.6259618401527405
1.178148627281189
2.014827251434326
0.8867878913879395
0.6074801683425903
0.6086830496788025
0.5977346301078796
1.2717037200927734
0.6002451181411743
1.2145100831985474
2.3141865730285645
0.570732593536377
0.5766280889511108
1.2872190475463867
2.132362127304077
2.4697206020355225
0.47199076414108276
2.5317482948303223
1.2373347282409668
0.5200769901275635
1.8141274452209473
0.6216132640838623
1.2735999822616577
0.638454258441925
0.6128148436546326
0.44422149658203125
0.6465669870376587
2.059443712234497
0.0
2.821298122406006
0.5024975538253784
1.6150062084197998
0.5815901756286621
3.120062828063965
0.6446138024330139
2.61010479927063
2.1258904933929443
0.5982964038848877
0.6269704103469849
1.3519302606582642
0.6125875115394592
2.4040801525115967
0.61857008934021
1.6635345220565796
3.025747299194336
2.719341516494751
2.2460074424743652
1.4389899969100952
0.0
2.759132146835327
2.6528117656707764
1.4574216604232788
1.158126711845398
2.975435495376587
0.743959903717041
2.047826051712036
0.7624627947807312
2.1969196796417236
1.1861239671707153
0.4259594976902008
0.7902975678443909
2.049229860305786
0.0
1.376356840133667
1.2813295125961304
1.8126895427703857
0.8531025648117065
1.2200634479522705
1.78399658203125
1.9249849319458008
1.2068114280700684
1.3033983707427979
2.742337942123413
1.7417412996292114
0.9317051768302917
0.0
1.1684223413467407
2.721906900405884
0.0
0.0
0.806572437286377
1.1613917350769043
1.5173835754394531
2.284658432006836
1.3940954208374023
1.0824806690216064
0.9183663725852966
1.355331301689148
1.5429589748382568
1.0378977060317993
1.354300856590271
1.3910737037658691
1.481570839881897
1.1569417715072632
0.0
2.649635076522827
1.5065414905548096
1.4923230409622192
1.0258653163909912
1.3178207874298096
1.1353422403335571
1.2275419235229492
1.431977391242981
1.2409383058547974
1.272509217262268
1.251863956451416
1.222287654876709
1.276085615158081
1.954245924949646
1.212044596672058
1.2236257791519165
2.666426658630371
1.510586142539978
1.5422649383544922
1.315232276916504
2.342787504196167
1.538210391998291
1.5044912099838257
1.498677372932434
1.0391556024551392
0.0
1.476447343826294
1.0225590467453003
1.986682415008545
2.0541863441467285
1.5270307064056396
1.501154899597168
1.3221323490142822
1.9215515851974487
1.6697921752929688
1.4852341413497925
1.0656864643096924
0.6719396710395813
1.2200851440429688
1.2199398279190063
1.4817875623703003
1.1601663827896118
1.1252633333206177
1.3746824264526367
1.0670416355133057
1.4539906978607178
0.4662061333656311
1.4075586795806885
2.574181318283081
1.4594433307647705
1.4252625703811646
0.5570335388183594
0.9010570645332336
1.3728561401367188
1.422361969947815
1.1285812854766846
0.7479080557823181
1.2610713243484497
0.9930467009544373
1.2568258047103882
1.0342800617218018
0.8582621812820435
0.973551332950592
1.369696021080017
1.1864547729492188
1.0978190898895264
3.5696675777435303
0.0
1.1167287826538086
1.1097654104232788
1.0937280654907227
0.5032888650894165
2.200085163116455
1.1578842401504517
2.020763635635376
1.0408892631530762
1.0256704092025757
0.0
1.0276283025741577
1.028488039970398
1.005954623222351
2.218754529953003
0.9523030519485474
0.9652824997901917
0.8241233825683594
0.7887264490127563
1.5370581150054932
0.8908360600471497
0.8760345578193665
0.856704831123352
0.8342627882957458
0.8089990615844727
1.3112486600875854
1.3424206972122192
0.7622352838516235
1.3170137405395508
1.6403343677520752
0.0
1.3525607585906982
0.0
1.755814790725708
0.7695537209510803
1.3558330535888672
0.7726770043373108
1.0496934652328491
1.1570818424224854
0.7806847095489502
0.7821164131164551
1.721245288848877
2.117255926132202
0.0
1.1629263162612915
1.253993272781372
1.2075217962265015
1.2814016342163086
1.232260823249817
1.647548794746399
0.5595700144767761
0.9402192831039429
0.8845247626304626
1.6321167945861816
0.8852325081825256
0.8815453052520752
1.9977585077285767
1.0559005737304688
0.8598561882972717
1.329197645187378
0.8733387589454651
1.1196482181549072
0.8723843097686768
1.6404328346252441
1.6180405616760254
0.8550117015838623
1.1871079206466675
1.5862170457839966
0.8313814401626587
2.2241835594177246
0.8196024298667908
1.0834304094314575
0.8068012595176697
0.797743022441864
1.4184378385543823
1.5775384902954102
1.4464162588119507
1.4096862077713013
0.7696830034255981
0.7681013941764832
0.7634467482566833
0.7550879716873169
2.330092430114746
1.3549939393997192
0.7385869026184082
1.2980676889419556
1.6818057298660278
0.7405772805213928
1.1965843439102173
3.5219943523406982
1.2365226745605469
1.220050573348999
1.1543550491333008
1.1021366119384766
0.8518436551094055
0.7793999910354614
0.9599279165267944
0.8994354009628296
1.7755135297775269
1.0063350200653076
0.7514541745185852
1.0677144527435303
0.7464590072631836
1.1126899719238281
0.6891120076179504
3.2621467113494873
1.1249384880065918
1.1394953727722168
0.0
0.6695516109466553
0.6458936929702759
1.1201103925704956
0.6533713340759277
1.0555071830749512
0.6955468654632568
0.6470404863357544
0.6863231062889099
0.6797356605529785
1.040804147720337
3.3554203510284424
2.010688066482544
1.026459813117981
0.9805023074150085
1.9560582637786865
0.8050158023834229
0.823050320148468
0.805900514125824
0.8853500485420227
1.8110769987106323
0.8976948261260986
0.9887232780456543
1.0045998096466064
0.8461444973945618
1.748907208442688
0.8392881155014038
1.019919514656067
1.0429902076721191
1.0031728744506836
0.9776893258094788
1.051559329032898
1.0482786893844604
1.071595549583435
0.8208845853805542
0.8295459747314453
1.6937988996505737
0.8455295562744141
1.0170137882232666
0.8390766382217407
0.805934727191925
0.8216362595558167
0.8065463900566101
0.7882983684539795
0.7674475312232971
0.7323401570320129
1.4526774883270264
0.6894275546073914
2.9867658615112305
1.3118038177490234
1.317958116531372
0.6647422313690186
0.6627147197723389
1.6890519857406616
0.6605736613273621
2.818514823913574
0.6636373400688171
0.6631565690040588
0.6590092182159424
0.6515862345695496
1.2600620985031128
1.2488439083099365
0.6281084418296814
1.715597152709961
0.6234895586967468
0.6115177869796753
0.6163029670715332
0.6080009937286377
0.5682680606842041
3.0714151859283447
0.5728904008865356
3.0768327713012695
1.8958920240402222
3.2588586807250977
1.336258888244629
1.2990822792053223
0.5664634704589844
0.982322096824646
3.199093818664551
0.6025371551513672
1.2187607288360596
3.3594436645507812
1.1792277097702026
1.1662691831588745
1.0344568490982056
0.7093051671981812
0.7271255850791931
0.9838483929634094
0.7538019418716431
