[0. 0. 0. 0. 0. 0. 0. 0. 0. 0. 0. 0. 0. 0. 0. 0. 0. 0. 0. 0. 0. 0. 0. 0.
 0. 0. 0. 0. 0. 0. 0. 0. 0. 0. 0. 0. 0. 0. 0. 0. 0. 0. 0. 0. 0. 0. 0. 0.
 0. 0.]
[0.91532792 0.92457366 0.93391279 0.94334625 0.952875   0.9625    ]
[0.91532792 0.92457366 0.93391279 0.94334625 0.952875   0.9625    ]
[0.91532792 0.92457366 0.93391279 0.94334625 0.952875   0.9625    ]
[0.90029039 0.90938424 0.91856993 0.92784842 0.93722063 0.9466875
 0.95625   ]
[0.85642242 0.86507315 0.87381126 0.88263764 0.89155317 0.90055876
 0.90965531 0.91884375 0.928125   0.9375    ]
[0.84220581 0.85071294 0.859306   0.86798586 0.87675339 0.88560948
 0.89455503 0.90359094 0.91271812 0.9219375  0.93125   ]
[0.90029039 0.90938424 0.91856993 0.92784842 0.93722063 0.9466875
 0.95625   ]
[0.84220581 0.85071294 0.859306   0.86798586 0.87675339 0.88560948
 0.89455503 0.90359094 0.91271812 0.9219375  0.93125   ]
[0.93057738 0.93997716 0.94947188 0.9590625  0.96875   ]
[0.93057738 0.93997716 0.94947188 0.9590625  0.96875   ]
