0.0
0.08983646558548418
0.6410064954321346
0.7498119543923842
0.7718777780174431
0.858567496440654
0.8924737462907884
0.9025025144057334
0.9013511073462003
0.9043409537331593
0.9014513558433626
0.9180660166950014
0.9129467921567027
0.9108115249940524
0.909816409966161
0.9216716584999743
0.8853136091929997
0.9105444121876706
0.9208878498156998
0.9047724391619064
0.9053379610054464
0.8681602556060197
0.9211453356668224
0.9168785148566357
0.8746100610399982
0.9172141579392938
0.9150245521620672
0.9181095455378455
0.9215614522653567
0.9229795226533912
0.9217739889534746
