0.0
0.0
0.0
0.0
0.0
0.0
0.0
0.0
0.0
0.0
0.0
0.0
0.0
0.0
0.0
0.0
0.0
0.0
0.0
0.0
0.0
0.0
0.0
0.0
0.0
0.0
0.0
0.0
0.0
0.0
0.0
0.0
0.0
0.0
0.0
0.0
0.0
0.8498989343643188
1.4312385320663452
0.0
0.0
0.0
0.0
0.0
0.0
0.0
0.0
0.0
0.0
0.0
0.0
0.0
0.0
0.0
0.0
0.0
1.0363610982894897
0.0
0.0
1.2930114269256592
0.0
1.108191728591919
0.0
0.0
0.0
0.0
1.0120964050292969
1.0240428447723389
0.0
0.6161754727363586
0.0
0.0
0.0
1.2310961484909058
0.5271199941635132
2.4171857833862305
1.7743631601333618
0.5037663578987122
0.0
0.0
0.0
0.0
0.0
2.108717203140259
1.5733940601348877
0.0
1.3280514478683472
0.0
1.2805821895599365
1.1787713766098022
1.3104057312011719
0.4901295006275177
0.5712437629699707
0.3364972770214081
0.0
0.8586309552192688
1.3516947031021118
0.9281883239746094
0.4858718514442444
0.9439908266067505
0.7974293231964111
0.0
0.7401043772697449
1.017599105834961
0.5771405696868896
0.648370623588562
0.0
0.0
0.0
0.0
0.0
0.0
0.649832010269165
0.5580799579620361
0.0
0.5693591833114624
0.7743403315544128
1.395768642425537
0.0
0.0
0.0
0.0
0.0
0.9457464814186096
0.8312798738479614
0.0
0.0
0.6738590002059937
0.0
0.5484101176261902
0.6802130341529846
0.0
0.0
0.8526573181152344
0.6422498822212219
0.0
0.0
0.8493800759315491
0.0
0.0
0.593883216381073
0.0
0.5651070475578308
0.8146032691001892
0.5155314207077026
0.0
0.45800653100013733
1.3454641103744507
0.3964696526527405
0.4083139896392822
0.6388802528381348
1.034896969795227
0.24255110323429108
1.1554392576217651
0.28401675820350647
0.36106353998184204
0.0
0.0
1.538908839225769
0.15817861258983612
0.20693166553974152
0.21699097752571106
0.0
0.13550026714801788
1.6903753280639648
0.10479709506034851
0.12763209640979767
1.373193621635437
3.5705385208129883
1.8792107105255127
0.12769857048988342
0.13935278356075287
0.18635305762290955
0.0
0.11124472320079803
0.1246911883354187
1.7628099918365479
0.11634762585163116
0.15668129920959473
0.0
0.0
0.23643070459365845
0.0
0.0
0.2770688533782959
0.2828289568424225
0.20362567901611328
0.22848741710186005
1.0555487871170044
0.18728892505168915
0.0
0.27827349305152893
0.2299395501613617
0.30387958884239197
0.31308743357658386
0.32177484035491943
0.25613731145858765
0.30949002504348755
1.516659140586853
1.9946168661117554
0.1946321725845337
0.2682524025440216
0.0
0.29110097885131836
1.480455994606018
0.2903594672679901
1.6328425407409668
0.20137137174606323
0.2750404477119446
0.32146477699279785
0.2141505628824234
0.20101726055145264
0.24140745401382446
1.071953296661377
0.0
1.9003885984420776
0.2718624472618103
0.24980874359607697
0.28277352452278137
0.24626268446445465
1.045686960220337
2.5385613441467285
0.24036753177642822
0.21837280690670013
0.17050868272781372
0.19387201964855194
3.7277188301086426
1.973088264465332
0.0
0.18891207873821259
0.13023781776428223
0.1537824273109436
0.1651913970708847
0.17269091308116913
0.10702483355998993
2.0366756916046143
0.12193693220615387
0.12381140142679214
1.2805103063583374
0.1348300576210022
0.09223345667123795
0.1096622496843338
0.12650494277477264
0.1290457844734192
0.06863398849964142
0.0
0.11437169462442398
2.2396626472473145
2.324230194091797
0.0
0.10288629680871964
0.07472655177116394
0.13487228751182556
0.13104014098644257
0.0
0.12107355147600174
2.674483060836792
0.08320467174053192
1.9651672840118408
0.14991451799869537
3.8733792304992676
0.14772386848926544
0.15400847792625427
0.15900973975658417
0.0
0.17013734579086304
0.1458815634250641
0.1365433633327484
2.8201191425323486
2.7459609508514404
0.19615042209625244
0.18286781013011932
0.16485373675823212
0.16751369833946228
0.18624678254127502
0.15319879353046417
0.17812925577163696
0.20278745889663696
0.0
1.9712241888046265
0.0
1.9301656484603882
0.2204907089471817
1.825714349746704
0.0
0.26029884815216064
1.8592939376831055
0.0
2.398549795150757
0.30054789781570435
2.3472018241882324
2.4623618125915527
0.27288171648979187
1.6691137552261353
0.21017712354660034
0.2944336533546448
1.9703924655914307
0.25642096996307373
0.25397008657455444
0.2007969319820404
0.20396119356155396
0.277986615896225
0.31260237097740173
0.21813476085662842
1.5369638204574585
0.2582108676433563
0.25376808643341064
0.22354082763195038
3.3660218715667725
0.14013920724391937
0.13885629177093506
0.19566158950328827
1.4617630243301392
0.0
0.25350815057754517
0.1384558528661728
0.27620887756347656
0.16595958173274994
0.26430270075798035
0.24598175287246704
0.20855669677257538
1.845274806022644
0.24760134518146515
0.15616285800933838
0.0
0.2753525674343109
0.25657761096954346
0.29082968831062317
1.2316105365753174
4.031087398529053
0.3149537742137909
0.3127647042274475
3.6057310104370117
0.3657199740409851
0.27062180638313293
0.34312304854393005
0.2892810106277466
1.2190148830413818
0.39507734775543213
0.357546329498291
0.39947158098220825
0.37750518321990967
1.5236824750900269
0.3718874752521515
0.37335240840911865
0.3519114553928375
1.0313702821731567
0.3493587374687195
0.2789692282676697
1.9355922937393188
0.3511812388896942
1.552963376045227
0.3148309886455536
0.2893162965774536
0.2493826299905777
0.27664241194725037
3.463876724243164
1.6139652729034424
0.0
0.0
0.1981458216905594
0.284404993057251
0.27931156754493713
0.2830750346183777
0.20692577958106995
0.2517484426498413
0.17849299311637878
0.21497011184692383
1.5727158784866333
1.5509288311004639
1.504075050354004
2.5498547554016113
0.18926581740379333
0.17997632920742035
0.19631917774677277
1.3917886018753052
0.1814752072095871
0.20064391195774078
0.18684503436088562
0.18207913637161255
0.12988434731960297
0.1546662151813507
0.14227262139320374
0.12851807475090027
0.14547519385814667
0.13023459911346436
0.13542070984840393
0.12397594749927521
0.11941666901111603
0.08433794975280762
0.11914493143558502
0.1091945692896843
0.0847897008061409
0.11726358532905579
1.9996180534362793
0.09995865076780319
4.8077239990234375
0.07585223764181137
0.11413118988275528
0.11237003654241562
0.11281149089336395
0.10940113663673401
0.0
0.11035524308681488
0.10952770709991455
0.11419784277677536
0.11017418652772903
0.111204132437706
0.08988717198371887
0.08672899007797241
0.1028212308883667
0.09664729982614517
0.0
0.08409132808446884
0.0863342210650444
0.08381961286067963
0.0
0.07660479098558426
0.06747321784496307
0.051178812980651855
0.063535176217556
0.03792058303952217
0.05844791978597641
0.054361242800951004
0.05095962807536125
0.051900334656238556
0.042722806334495544
0.05087921768426895
0.044670332223176956
0.04742979630827904
0.05060366913676262
0.04288967326283455
0.04477730393409729
0.033266596496105194
0.04791300371289253
0.03323813155293465
0.039223864674568176
0.04035496711730957
4.805665493011475
0.04688484966754913
0.05138364061713219
0.0539657399058342
0.05775947868824005
0.056402143090963364
0.06000954285264015
2.3759617805480957
0.06582581251859665
1.7790919542312622
0.07855410873889923
0.08639068901538849
0.06725864112377167
0.10260704159736633
0.10949067026376724
0.11511668562889099
0.12502248585224152
0.0873354971408844
0.12507127225399017
0.13216130435466766
0.10837782174348831
0.12126050889492035
0.11099161952733994
0.11223555356264114
0.09052475541830063
0.10773288458585739
0.10173947364091873
0.08753828704357147
0.04730139300227165
0.08782430738210678
0.07682028412818909
0.0800335481762886
0.07709366828203201
0.07569518685340881
0.07589568942785263
0.071717768907547
0.05142125114798546
0.0689406767487526
0.061141375452280045
0.05932803452014923
0.05160049721598625
0.05191654711961746
0.0438118614256382
0.04140039160847664
0.02855074405670166
0.021458406001329422
0.0341653898358345
1.8415608406066895
0.024788185954093933
0.024234093725681305
0.020891427993774414
0.020746145397424698
0.021525492891669273
0.017418209463357925
0.016724059358239174
0.0213168878108263
0.021320918574929237
0.018378857523202896
3.6629042625427246
0.021631283685564995
0.025841033086180687
0.027228545397520065
0.023662423714995384
0.023465827107429504
0.0266428105533123
0.035234708338975906
0.035332269966602325
0.03398154675960541
0.03629293665289879
0.03438275679945946
0.04026024416089058
0.03410540148615837
0.03693467006087303
0.04204864054918289
0.040955062955617905
0.040805671364068985
0.0417039729654789
0.043629810214042664
0.040025923401117325
0.04317796230316162
0.03963993117213249
0.04213515669107437
0.040264792740345
0.042935729026794434
0.04314839094877243
0.04308632016181946
0.044156335294246674
0.0313706248998642
0.04783814400434494
0.0451335608959198
0.04858371987938881
3.326075315475464
0.029645757749676704
0.0470094308257103
0.04858274385333061
0.044974204152822495
2.0619561672210693
0.02811499685049057
0.05145309120416641
0.04337519034743309
0.0498034730553627
0.052153319120407104
0.05317915603518486
0.0599139966070652
0.06029105931520462
0.06313584744930267
0.06545133143663406
0.06560356169939041
0.06961163878440857
0.06566296517848969
0.06873458623886108
0.06673271209001541
0.06962493807077408
0.07205961644649506
0.07018785923719406
0.06826192140579224
0.07028525322675705
0.07215581089258194
0.07396654039621353
0.07695166766643524
0.07749979197978973
4.730655670166016
0.0832805335521698
0.08843454718589783
2.6968119144439697
0.09637805074453354
0.07777539640665054
2.6800198554992676
0.09976986050605774
0.1010870710015297
2.3260183334350586
0.10644922405481339
0.1080489456653595
2.46004056930542
2.4246578216552734
0.1143810898065567
0.11535094678401947
0.12041153758764267
0.12430894374847412
0.12389169633388519
0.12051432579755783
0.1252932995557785
0.1239873394370079
0.1207580417394638
0.12105651199817657
0.11556398868560791
0.11862917244434357
0.06019970029592514
0.09168802946805954
2.287548065185547
0.09985101222991943
0.09838054329156876
0.07738007605075836
0.09425924718379974
0.07967503368854523
0.08159171789884567
0.07897185534238815
0.07663404196500778
0.06542355567216873
0.0662260353565216
0.062177930027246475
0.06396260112524033
0.05977487564086914
0.05992521345615387
0.05945925787091255
0.05937881022691727
0.05939392000436783
0.05041474103927612
0.051159732043743134
0.059213265776634216
0.04771328344941139
0.05097901076078415
2.4641482830047607
0.04975544288754463
0.052758216857910156
0.04780488461256027
0.05185206979513168
0.04320359230041504
0.04392429068684578
0.0446791909635067
0.023372245952486992
2.6105895042419434
0.039076127111911774
0.037727635353803635
0.03715887665748596
0.030563361942768097
2.402189254760742
0.021137328818440437
2.5611095428466797
0.028829241171479225
2.488396167755127
0.03763866424560547
0.038097083568573
0.03687746450304985
0.025732090696692467
0.029255302622914314
0.04612014442682266
0.029010789468884468
0.04902084916830063
0.04165923595428467
0.05747266486287117
0.048496197909116745
2.273655652999878
0.06731882691383362
0.06875357031822205
0.0747206062078476
0.060884591192007065
0.08593945950269699
0.07614416629076004
0.09228456020355225
0.09405883401632309
0.10968242585659027
0.11173705756664276
1.7127189636230469
0.11102627217769623
1.7128382921218872
1.8829618692398071
0.12405732274055481
0.12935513257980347
0.13202697038650513
0.12912581861019135
0.141361266374588
1.628360629081726
0.15414823591709137
3.9121952056884766
0.16287529468536377
0.16225935518741608
0.16999468207359314
0.17110750079154968
0.09745919704437256
0.152507483959198
1.3598437309265137
0.08853939175605774
0.15897496044635773
0.17293062806129456
0.1683996319770813
0.15417756140232086
0.16350233554840088
0.15550336241722107
0.13857221603393555
0.15997718274593353
0.15944698452949524
0.14365191757678986
0.116963692009449
0.1459299921989441
0.13792459666728973
0.13704781234264374
0.12974460422992706
0.13504797220230103
0.13121752440929413
0.11738436669111252
0.09100855886936188
0.11549471318721771
1.6648290157318115
1.8849884271621704
1.905714988708496
0.0
0.11197332292795181
0.12443177402019501
0.10006940364837646
0.08389890938997269
0.1065126284956932
0.11867214739322662
0.12066906690597534
0.12084277719259262
0.12354717403650284
1.765597939491272
0.11316947638988495
0.13318367302417755
0.13277728855609894
0.15124070644378662
0.11671044677495956
0.16423414647579193
0.1655919998884201
0.17310163378715515
0.0
0.16718313097953796
0.18560196459293365
0.16307029128074646
1.5095833539962769
0.16054491698741913
0.0
0.1780322939157486
0.18147999048233032
0.18325354158878326
1.4259705543518066
0.18313810229301453
0.16356514394283295
0.16941140592098236
0.17274530231952667
0.1664053201675415
0.16769082844257355
0.16303516924381256
0.16089051961898804
0.1563553810119629
0.14967112243175507
0.1383925974369049
0.14267179369926453
1.5058553218841553
0.13946324586868286
0.13698981702327728
0.1238568127155304
0.12992052733898163
0.12496372312307358
0.1240878701210022
0.13012264668941498
0.1275094896554947
0.12230761349201202
0.12398378551006317
0.12114620208740234
0.11802581697702408
0.10934644937515259
0.11192284524440765
0.11725324392318726
0.11671508103609085
0.1085478737950325
0.08783518522977829
0.10910651832818985
0.08980204910039902
0.1021345853805542
5.5165910720825195
0.10064814984798431
0.10039059072732925
0.09979866445064545
5.595032691955566
1.8459006547927856
0.10205471515655518
0.10488535463809967
0.11029428988695145
0.11353780329227448
0.11444192379713058
0.11423290520906448
0.11070191860198975
0.12645141780376434
4.973572731018066
0.13451465964317322
0.14486625790596008
0.14954820275306702
0.1505770981311798
1.7445576190948486
0.15514518320560455
1.6877973079681396
0.0
0.21224096417427063
0.22076943516731262
0.23066192865371704
0.22578130662441254
0.25202497839927673
0.2677689790725708
0.2706219255924225
0.2648928463459015
0.26232415437698364
0.0
0.259059339761734
0.25237277150154114
0.24316339194774628
0.22445206344127655
0.1308758705854416
0.20257176458835602
1.7711355686187744
0.17797447741031647
0.16452082991600037
0.08268384635448456
0.14472265541553497
0.12303922325372696
0.12538063526153564
0.12083186209201813
2.9756052494049072
0.11061548441648483
2.1129844188690186
0.1047193631529808
0.0992419645190239
0.09600269794464111
0.0949551984667778
0.08658043295145035
0.08646850287914276
0.0818476751446724
0.08081908524036407
0.07751204073429108
2.3854029178619385
0.07375840097665787
2.398721694946289
0.0727367252111435
0.06968985497951508
0.07473589479923248
0.07502802461385727
4.906477451324463
0.07615930587053299
0.07643257081508636
0.079779714345932
0.07902854681015015
0.07400618493556976
0.08236734569072723
0.08278007060289383
3.063042640686035
0.08760570734739304
0.08969046920537949
0.08864989131689072
0.09226646274328232
0.07970312237739563
0.09177792072296143
0.0908103957772255
0.08988272398710251
0.08899804204702377
0.08669596910476685
0.08523501455783844
0.08321968466043472
0.0807437151670456
0.07922369986772537
0.07669483125209808
0.07448695600032806
0.0701853558421135
0.06980792433023453
0.06744993478059769
0.06545404344797134
2.757974624633789
0.06328374147415161
0.06292662769556046
0.06269326061010361
0.06256972253322601
0.06254169344902039
2.8391339778900146
0.06395665556192398
0.06529977917671204
0.06661030650138855
0.06787349283695221
0.06907231360673904
0.07018912583589554
0.07002736628055573
0.07133542001247406
0.0702144056558609
2.4368176460266113
0.06943482905626297
0.06610314548015594
0.06912920624017715
0.05130808800458908
0.0700998455286026
0.07028836756944656
0.07037536799907684
0.07036539912223816
0.0690995380282402
0.07105077058076859
0.07165101170539856
0.07206584513187408
0.06211145594716072
0.06939009577035904
0.06809066236019135
0.06479793041944504
0.0631832554936409
0.05983496457338333
0.05622812360525131
0.05274749919772148
0.03912942484021187
0.04853484407067299
0.046289462596178055
0.04692729189991951
0.04562341049313545
0.03972148150205612
0.0436319075524807
0.04391632229089737
0.03628600016236305
0.0417296439409256
0.04617689549922943
0.04895370826125145
0.051030367612838745
0.04725031927227974
0.055244315415620804
0.05636337772011757
0.05864395946264267
0.0598834753036499
0.06100921705365181
0.06200166046619415
0.06180128455162048
0.06168326362967491
0.06171015650033951
0.060691967606544495
0.058686207979917526
0.05945618450641632
3.0831353664398193
0.05903659388422966
0.060703177005052567
0.060202501714229584
0.06083066016435623
0.05648697167634964
0.061914458870887756
0.0631759837269783
0.06416988372802734
0.06381048262119293
0.06460630893707275
0.06418171525001526
0.06362694501876831
4.791262149810791
0.06534130126237869
0.06736502051353455
0.06900857388973236
0.07026013731956482
0.07111741602420807
0.07158789038658142
0.07166492193937302
0.07137798517942429
0.07076258212327957
0.06985900551080704
0.06534351408481598
0.06783507764339447
0.03955187648534775
0.06339333206415176
0.06042322516441345
0.05694735050201416
0.05408618599176407
0.050643354654312134
0.046852752566337585
0.04575545713305473
0.04411356523633003
0.042686767876148224
0.04144890978932381
0.040378816425800323
3.1698694229125977
0.039199091494083405
0.0390201210975647
0.03891049325466156
0.03758326917886734
0.03792054206132889
0.03655600920319557
0.03555712848901749
0.034371208399534225
0.033627696335315704
0.03259580209851265
0.03181181102991104
0.03124042972922325
0.029840920120477676
0.030028317123651505
0.028941059485077858
0.028742291033267975
0.020776813849806786
0.028407186269760132
0.02772933430969715
0.028462829068303108
0.027928700670599937
0.0281667560338974
0.026704655960202217
0.02724822610616684
0.026637809351086617
0.0257875956594944
0.02564993128180504
0.025269564241170883
0.025057371705770493
0.02499466948211193
0.0250640157610178
0.02483118325471878
0.025245480239391327
0.024932868778705597
0.024833224713802338
0.024540012702345848
0.024481836706399918
0.017759688198566437
0.023448428139090538
0.021849602460861206
0.022302938625216484
0.02257210575044155
0.022588301450014114
0.021965641528367996
0.02133150026202202
0.021597517654299736
0.020653925836086273
0.020067499950528145
0.019826894626021385
0.018811514601111412
0.018922481685876846
0.017680944874882698
0.017703423276543617
0.01581432856619358
0.01573699340224266
0.016209982335567474
0.015593533404171467
0.01551827136427164
0.014639745466411114
0.014530356973409653
0.014040565118193626
0.013814467936754227
0.014075281098484993
0.014042891561985016
0.013252973556518555
0.013892884366214275
0.01324015948921442
0.01400842610746622
0.01268449891358614
0.013709861785173416
0.013131354004144669
0.012576520442962646
0.012739031575620174
0.01282533910125494
0.013139309361577034
0.012749437242746353
0.012362943962216377
0.01288338378071785
0.013066641055047512
0.013189554214477539
0.01279787253588438
0.012930167838931084
0.013377925381064415
0.013663353398442268
0.012744822539389133
0.013495128601789474
0.013639269396662712
0.012815337628126144
0.013670828193426132
0.013779208064079285
0.013555438257753849
0.014164144173264503
0.01443197950720787
0.014568743295967579
0.01518108882009983
0.015656964853405952
0.016250355169177055
0.015857435762882233
0.017001956701278687
0.017172208055853844
0.01745748333632946
0.01784781739115715
0.018334904685616493
0.018911270424723625
0.01956736482679844
0.020289482548832893
0.021067658439278603
0.021888606250286102
0.02274194359779358
0.02361396513879299
0.024491801857948303
0.025358842685818672
0.02620096690952778
0.027003644034266472
0.02775316871702671
0.02749640867114067
0.02997184358537197
0.03139573335647583
0.03212596848607063
0.034264687448740005
0.03562670573592186
0.036739155650138855
0.03764481469988823
0.03577475994825363
0.03534915670752525
0.04187099635601044
0.043969057500362396
0.04487471655011177
0.04235251247882843
0.04386424273252487
0.0
0.052933454513549805
0.0550537146627903
0.04997868463397026
0.05027506500482559
0.06154696270823479
0.06009757146239281
0.0636153593659401
0.07269349694252014
0.07043581455945969
0.07839963585138321
0.0426805205643177
0.08659836649894714
5.86846923828125
0.0
0.011928858235478401
0.008526332676410675
0.00874042883515358
0.009466907009482384
0.013287336565554142
0.017242321744561195
0.022340282797813416
0.028531821444630623
0.0310314130038023
0.0438738614320755
0.0516466423869133
0.05782172456383705
0.05755895748734474
0.06964749097824097
0.07439757883548737
0.057396914809942245
0.041782233864068985
0.08643580973148346
0.09380073845386505
0.0907578393816948
1.5376772353192791e-06
0.10737926512956619
1.6908127069473267
0.1211734265089035
0.12184887379407883
0.122344009578228
0.15544837713241577
0.14279626309871674
1.2414805889129639
0.16834202408790588
0.2490786463022232
1.016419768333435
0.3115279972553253
0.7467138767242432
3.191302312188782e-06
0.31740298867225647
0.5669366121292114
0.5789298415184021
3.761598691198742e-06
0.5172383785247803
0.34801849722862244
0.5089505910873413
0.4715709984302521
0.5269697904586792
4.152227120357566e-06
0.4696003198623657
0.5952717661857605
0.4769721031188965
3.761580273931031e-06
0.33093300461769104
0.41299962997436523
3.4036963825201383e-06
0.3344804346561432
0.21885670721530914
0.2856893241405487
1.087872862815857
0.22363987565040588
0.16954515874385834
0.15228348970413208
0.08920808136463165
0.13265961408615112
1.6494451761245728
0.09129645675420761
0.10673671960830688
0.0999545305967331
1.9199550151824951
0.06280764937400818
0.09503521025180817
0.09302020817995071
0.10462819784879684
0.10018438845872879
0.10279756039381027
0.11322054266929626
0.11346165835857391
0.109036386013031
1.8321737051010132
0.09910184890031815
0.0818616971373558
0.09214739501476288
0.08321822434663773
0.08137991279363632
0.08731462806463242
0.0858820304274559
0.08296360075473785
0.0788823738694191
0.07398582994937897
0.0674733817577362
0.06114933267235756
0.047470733523368835
0.051512449979782104
0.04852816462516785
0.04546027630567551
2.333789110183716
0.04262629896402359
2.539681911468506
0.04464495927095413
0.043299052864313126
0.04906565696001053
0.05117340758442879
0.05258195102214813
0.05329129472374916
0.05334027484059334
0.05279644951224327
0.04839742183685303
0.052143704146146774
0.05195624381303787
0.05124733969569206
2.406765937805176
0.048511601984500885
0.05503050237894058
0.057435084134340286
0.05903363600373268
0.05982743203639984
0.0559830404818058
0.061447955667972565
0.062178000807762146
0.062087658792734146
0.06125631183385849
0.05592348799109459
0.05615374073386192
0.06184791028499603
0.06274431198835373
0.06275362521409988
0.06194845959544182
0.051940370351076126
2.0749926567077637
0.06663887202739716
1.9894715547561646
1.6817409992218018
0.10373120754957199
0.13262809813022614
0.13250738382339478
0.16442272067070007
0.18652799725532532
0.20614293217658997
1.0494376420974731
0.2308443784713745
0.2890058755874634
0.29362136125564575
0.2756352722644806
0.16321054100990295
4.086645731149474e-06
0.2930113971233368
0.2957908511161804
0.29029688239097595
0.2582520544528961
0.2793910503387451
0.2206692397594452
0.18585552275180817
0.1617429107427597
0.17910723388195038
0.1509855091571808
0.1972741037607193
0.18692800402641296
0.13837140798568726
0.13720983266830444
0.11950988322496414
1.4803788661956787
1.469245195388794
0.1225699633359909
0.14748434722423553
1.373162031173706
0.11430097371339798
0.13735175132751465
0.1765184998512268
0.17506945133209229
0.16515903174877167
0.14923569560050964
0.12169066071510315
0.09909726679325104
1.8564237356185913
0.08005096018314362
0.08048812299966812
0.08151602745056152
2.0476200580596924
0.06563659757375717
0.06587723642587662
0.0568983294069767
0.05737997218966484
0.04993521049618721
0.047377362847328186
0.045829709619283676
2.277052402496338
0.04906882345676422
0.057217493653297424
0.06075786426663399
0.05885997414588928
0.06562993675470352
0.06680246442556381
0.06650733202695847
0.06491386145353317
0.05823999643325806
0.05795245245099068
0.05856888368725777
0.06398403644561768
0.05985429137945175
0.06472670286893845
0.06411109119653702
0.06231197342276573
0.05956074595451355
0.05611664429306984
0.04566553980112076
0.051246266812086105
0.04331289976835251
0.05068937689065933
0.050888266414403915
0.05020638927817345
0.048757750540971756
0.04081786051392555
0.0471782460808754
0.046830352395772934
0.04573723301291466
0.04117770865559578
0.0432482548058033
0.03417586535215378
0.04126350209116936
0.038446228951215744
0.053387369960546494
0.04777764528989792
0.06296754628419876
0.0713319182395935
0.08502081781625748
0.08447404205799103
0.09417690336704254
0.08768206089735031
0.08017748594284058
0.08441544324159622
0.08258466422557831
5.2792879614571575e-06
0.08176758885383606
0.07086922228336334
0.06515838205814362
0.06445977836847305
0.04408199340105057
0.055845972150564194
0.048867784440517426
0.04581037163734436
0.04602548107504845
0.03273002803325653
0.03637509047985077
0.027078144252300262
0.027861325070261955
0.02026241458952427
0.022409332916140556
0.023501940071582794
0.021195847541093826
0.017254628241062164
0.020445583388209343
0.020624898374080658
0.021054202690720558
0.023152966052293777
0.021703900769352913
0.01919141598045826
2.5896739959716797
0.026166990399360657
0.031230788677930832
5.7197089518012945e-06
0.0284131970256567
0.059143636375665665
1.5735684633255005
0.09051623195409775
0.0701313465833664
0.11637888103723526
7.159830602176953e-06
0.13773952424526215
0.13967029750347137
7.292861027963227e-06
1.558308720588684
0.07408116012811661
0.11020741611719131
0.11082254350185394
0.08460205793380737
0.09165072441101074
0.084968201816082
0.09585056453943253
0.08374831080436707
0.0655636340379715
0.05801232531666756
0.04379620403051376
2.130782127380371
0.02849128097295761
0.03392031788825989
0.031189315021038055
0.02644454315304756
0.024736475199460983
0.02352364920079708
0.021466992795467377
0.025020809844136238
0.024982791393995285
0.024496784433722496
0.022114066407084465
0.0217349324375391
0.023228371515870094
0.022836115211248398
0.020347079262137413
0.021126918494701385
0.019963670521974564
0.018701620399951935
0.017399031668901443
0.016104042530059814
0.011944464407861233
0.012380469590425491
0.012345748022198677
0.011333651840686798
0.010422891937196255
0.009609246626496315
0.008886801078915596
0.00824838224798441
0.007685964927077293
0.007192372344434261
0.006760847754776478
0.006385480053722858
0.006061202846467495
0.0057816822081804276
0.005541851744055748
0.0047455658204853535
0.004992525093257427
0.004708362743258476
0.004475290421396494
0.0042865523137152195
0.004136236384510994
0.004019698593765497
0.003866607556119561
0.0037368035409599543
0.00335323647595942
0.0036350484006106853
0.003698382992297411
0.0037714282516390085
0.0038529173471033573
0.003941162023693323
0.004035317804664373
0.004134118091315031
0.004164759535342455
0.004344116896390915
0.004429193213582039
0.004444368649274111
0.004463346675038338
0.004484016913920641
0.004215588793158531
0.004777444060891867
0.005035422742366791
0.005276513285934925
0.005496915429830551
0.005694940686225891
0.005868477281183004
0.0060158357955515385
0.0061365943402051926
0.006238352507352829
0.006313510239124298
0.005658046342432499
0.006547780707478523
0.006695923861116171
0.006366918794810772
0.007160288747400045
0.007462151814252138
0.0070893350057303905
0.00796582456678152
0.008160876110196114
0.008291328325867653
0.008360558189451694
0.008371099829673767
0.008328864350914955
0.006843166891485453
0.007941626943647861
0.007645606994628906
0.007363947574049234
0.007083558011800051
0.006809083744883537
0.006543056573718786
0.00628716591745615
0.004767565988004208
0.006231414154171944
0.006382994819432497
0.0064982641488313675
0.00657891109585762
0.006625779438763857
0.006640980951488018
0.0066283149644732475
0.006590315606445074
0.0065307822078466415
0.006452247966080904
0.006357668898999691
0.006250001024454832
0.006031835451722145
0.006008901633322239
0.005879694130271673
0.00574753200635314
0.005614948458969593
0.00548321008682251
0.005265661049634218
0.005019169766455889
0.00472740363329649
0.0044732168316841125
0.004256188403815031
0.004067027475684881
0.003904046257957816
0.00376344402320683
0.003643953939899802
0.003482940373942256
0.0033239058684557676
0.0030926004983484745
0.002884791698306799
0.0026770594995468855
0.002512817969545722
0.0023836216423660517
0.00228482554666698
0.0022109407000243664
0.002159855328500271
0.002127769635990262
0.0021129946690052748
0.002112574642524123
0.002125243656337261
0.002148890169337392
0.0021826699376106262
0.0022253168281167746
0.002275564009323716
0.002331722993403673
0.0023942156694829464
0.0024643091019243
0.0024542754981666803
0.0024102721363306046
0.0023089423775672913
0.0021932332310825586
0.0020851735025644302
0.0019737128168344498
0.0018884300952777267
0.0012975248973816633
0.0017816105391830206
0.0017541630659252405
0.0017128027975559235
0.0016739391721785069
0.0015994417481124401
0.001534612150862813
0.0014687501825392246
0.0013329429784789681
0.0011280145263299346
0.0011132961371913552
0.0010512485168874264
0.0010132624302059412
0.0009642493678256869
0.0009368714527226985
0.000902265019249171
4.208700374874752e-06
0.0008491420885547996
0.000835168466437608
0.0007757128914818168
0.0007511925650760531
0.0006801906274631619
0.0006511922692880034
0.0006153319263830781
0.0005726475501433015
0.000568506948184222
0.0005488222814165056
0.0005550126079469919
0.0005612745881080627
0.0005908773164264858
0.0005872749607078731
0.0006242128438316286
0.0006181704811751842
0.0006301660905592144
0.0006347335292957723
0.0006516490830108523
0.0006761251133866608
0.0007057052571326494
0.0007191713084466755
0.0007499807979911566
0.0007617997471243143
0.0007909219129942358
0.0008369272109121084
0.0008989732014015317
0.0009779063984751701
0.001038245391100645
0.0010892825666815042
0.0011172122322022915
0.0011043937411159277
0.0011011749738827348
0.0010817586444318295
0.0010800720192492008
0.0010948486160486937
0.0011248223017901182
0.001168727409094572
0.0012257201597094536
0.0012949571246281266
0.001376016647554934
0.0014684769557788968
0.0015719165094196796
0.0016871800180524588
0.0018108898075297475
0.001941779162734747
0.002078581601381302
0.0020759147591888905
0.0024864664301276207
0.0027609276585280895
0.003037924412637949
0.003311966545879841
0.0035779871977865696
0.00383007456548512
0.00406485004350543
0.004001655150204897
0.004737085197120905
0.005172854755073786
0.005574844777584076
0.00593292061239481
0.005835793446749449
0.006403724662959576
0.007248113863170147
0.009029730223119259
0.010257633402943611
0.011368994601070881
0.0123051218688488
0.013021260499954224
0.012616933323442936
0.013380353339016438
0.013508981093764305
0.01758703403174877
0.018088778480887413
0.018687743693590164
0.024435821920633316
0.02338181622326374
0.02484050765633583
0.036309562623500824
0.040723610669374466
0.037600383162498474
0.039490994065999985
0.047002747654914856
2.3106882572174072
0.04823698103427887
0.04156326875090599
0.04544032737612724
0.04499681666493416
0.047918058931827545
0.04533688351511955
2.0895605087280273
0.03675564378499985
0.03792785480618477
0.04007488861680031
0.040872182697057724
0.057998623698949814
0.06261009722948074
0.06331217288970947
0.05279267579317093
0.05422390624880791
0.04164894297719002
0.053094398230314255
0.05079241842031479
0.05218062922358513
0.05789821222424507
0.03872072696685791
0.058805447071790695
1.6196976900100708
0.0982544869184494
0.07462446391582489
0.11734619736671448
7.3341566348972265e-06
0.175143763422966
0.14578703045845032
1.2830626964569092
0.17717337608337402
1.007070541381836
0.1347070336341858
1.0826361179351807
0.09463538974523544
1.122936725616455
0.13097719848155975
0.17110180854797363
0.7295698523521423
0.21580646932125092
0.2023695409297943
0.17175321280956268
0.11374866217374802
0.17464588582515717
7.558006473118439e-06
1.2104244232177734
0.1547803282737732
0.18576867878437042
0.15766078233718872
0.14059360325336456
0.11776354163885117
0.09318716824054718
0.11618054658174515
0.08099052309989929
0.10262757539749146
0.1025981679558754
0.0800425261259079
0.07861928641796112
0.06654126942157745
1.8662877082824707
0.0694342851638794
0.06623595207929611
0.04643784090876579
0.04932187870144844
2.2314608097076416
0.06617318093776703
0.06723087280988693
0.04332372546195984
0.0650322288274765
2.111238718032837
0.07729053497314453
0.07861506193876266
0.0715203732252121
0.07334021478891373
0.06793024390935898
0.06113789975643158
0.05379876494407654
0.04656391218304634
0.03985936939716339
0.03390849009156227
0.028786439448595047
0.024463659152388573
0.020865846425294876
0.017829593271017075
0.015297906473279
0.013236159458756447
0.011556951329112053
0.010186394676566124
0.00906453188508749
0.00814407505095005
0.00726430956274271
0.006462761666625738
0.005638581700623035
0.004930076189339161
0.004242912866175175
0.0036908509209752083
0.0031699135433882475
0.002752270083874464
0.002365188905969262
0.002045056317001581
0.0017803912051022053
0.0015426722820848227
0.001375976949930191
0.0012447000481188297
0.0011594364186748862
0.0009384945151396096
0.0010340617736801505
0.0009440997964702547
0.0008942052372731268
0.0008003832772374153
0.0007568260189145803
0.0006925752386450768
0.0006436110706999898
0.0005800006329081953
0.000582400884013623
0.0005401494563557208
0.0005330283893272281
0.0005243081832304597
0.0004788626392837614
0.0005027990555390716
0.0004901959327980876
0.0005158636486157775
0.0005178519058972597
0.0005501328269019723
0.000576233898755163
0.0006242283270694315
0.0006731533212587237
0.0007431754493154585
0.0008368337294086814
0.0009566665394231677
0.0011052120244130492
0.0012647188268601894
0.0015142111806198955
0.0017822611844167113
0.002047374378889799
0.0023416290059685707
0.002576590748503804
0.002763535128906369
0.0030230204574763775
0.0032476100604981184
0.003481072373688221
0.0037212951574474573
0.0038370974361896515
0.003910841885954142
0.0038757850416004658
0.003858886193484068
0.003858455689623952
0.003872381988912821
0.0038989766035228968
0.003936972469091415
0.0038545923307538033
0.003760899882763624
0.003584832651540637
0.0034484551288187504
0.0032956816721707582
0.0031752821523696184
0.0029904814437031746
0.0028489178512245417
0.0027036822866648436
0.0025968679692596197
0.0025221409741789103
0.002475279150530696
0.0024520596489310265
0.0024503718595951796
0.002467260230332613
0.0025018807500600815
0.0025100731290876865
0.002495957538485527
0.0024660001508891582
0.0023809473495930433
0.0023275285493582487
0.002227324992418289
0.002292496617883444
0.0023380983620882034
0.0023606258910149336
0.0025293428916484118
0.0026280044112354517
0.0028067175298929214
0.0029566020239144564
0.003119576722383499
0.0032935303170233965
0.0034182099625468254
0.0035041701048612595
0.0035016851034015417
0.0034797494299709797
0.003426136216148734
0.0033948998898267746
0.0033822397235780954
0.003386045340448618
0.003403782844543457
0.0034337639808654785
0.0034742995630949736
0.0035249681677669287
0.0035840810742229223
0.0035316592548042536
0.003536802250891924
0.003448143135756254
0.0033269417472183704
0.0032223290763795376
0.0036630595568567514
0.0038834591396152973
0.004104704596102238
0.00432595144957304
0.004558599554002285
0.004793782718479633
0.004942696075886488
0.005004573613405228
0.004873401951044798
0.005718049593269825
0.0061263469979166985
0.006517335306853056
0.0068863690830767155
0.007229225244373083
0.0075425272807478905
0.007823317311704159
0.00806821882724762
0.00800678227096796
0.008886086754500866
0.009447654709219933
0.009950955398380756
0.010214452631771564
0.011021317914128304
0.011571912094950676
4.639708995819092
0.013017463497817516
4.325201034545898
0.017166050150990486
0.01950477994978428
0.021757367998361588
0.023832621052861214
0.02564947120845318
3.462536096572876
0.0294300839304924
0.03086952306330204
0.03377244248986244
0.0356876440346241
0.0370592325925827
0.03728223219513893
0.03767165169119835
0.03583544120192528
3.0125949382781982
0.040676552802324295
0.039929602295160294
0.04372849315404892
0.045890070497989655
0.046854168176651
0.05426088348031044
0.05644910782575607
0.0611114464700222
0.06649412959814072
0.06717424839735031
0.0691591426730156
0.06716138869524002
0.0745665580034256
0.07558532804250717
0.07990148663520813
0.08081867545843124
0.08628222346305847
0.08508281409740448
0.08593969792127609
0.08560854941606522
0.08277648687362671
0.08429045230150223
0.07187030464410782
0.07977017015218735
0.0767320841550827
0.07219510525465012
0.06340081989765167
0.06494176387786865
0.061996765434741974
0.05721322074532509
2.4084644317626953
0.055309832096099854
0.05355427786707878
0.050011616200208664
0.05452996864914894
0.053267985582351685
0.056462693959474564
0.05839313939213753
0.05401700735092163
0.06549504399299622
0.06240595504641533
0.06816420704126358
0.06829321384429932
0.06717517226934433
0.060781724750995636
2.615741491317749
0.06503579765558243
0.06540378928184509
0.054449163377285004
0.06500755250453949
0.0641656443476677
0.062081534415483475
0.05899421498179436
0.055181290954351425
0.04452158883213997
0.047788068652153015
0.046438682824373245
0.04378626123070717
0.040809355676174164
0.03767114877700806
0.034510355442762375
0.03143378719687462
0.028047475963830948
0.02404964156448841
0.023854771628975868
0.02208900637924671
0.01911255717277527
0.01911737769842148
0.01777900569140911
0.016223860904574394
0.01523388922214508
0.01395452581346035
0.014522145502269268
0.014013792388141155
0.015514110215008259
0.015665005892515182
0.01598072052001953
0.01568663865327835
0.016202423721551895
0.016085311770439148
0.016826923936605453
0.01717991940677166
0.01741553656756878
0.01754390448331833
0.01535137090831995
0.018178977072238922
0.018666258081793785
0.01899731159210205
0.018858561292290688
0.01833287999033928
0.017856160178780556
0.017507774755358696
0.01584005169570446
0.01679675653576851
0.016331063583493233
0.015833279117941856
0.015321140177547932
0.014802664518356323
0.014048838056623936
0.013637356460094452
0.013027679175138474
0.012456423602998257
0.011923165060579777
0.011427060700953007
0.01096726581454277
0.010542935691773891
0.010151537135243416
0.009791380725800991
0.009460356086492538
0.009009833447635174
0.008774244226515293
0.008433511480689049
0.008134154602885246
0.007871530018746853
0.007641416043043137
0.007438323460519314
0.007257185410708189
0.007098425179719925
0.006957398261874914
0.006831570994108915
0.006719677709043026
0.0061914753168821335
0.006719679106026888
0.006815952714532614
0.006790305953472853
0.0068700117990374565
0.006830329541116953
0.006788957864046097
0.006746319122612476
0.006697768811136484
0.006644995883107185
0.006478493567556143
0.00638786843046546
0.00620209239423275
0.0060289823450148106
0.005869806278496981
0.005628899671137333
0.0054602534510195255
0.005230143666267395
0.005029590334743261
0.004857325926423073
0.00440615601837635
0.004747139289975166
0.004788527265191078
0.0048269592225551605
0.004862434696406126
0.0048941089771687984
0.004921561572700739
0.004944790620356798
0.004962952807545662
0.004975625779479742
0.004983231890946627
0.004986193031072617
0.004984087310731411
0.004976492375135422
0.004963408689945936
0.004944413900375366
0.004838385619223118
0.004762440919876099
0.004618885461241007
0.0044879973866045475
0.004369776230305433
0.0042633782140910625
0.004167113918811083
0.004080138634890318
0.004002030473202467
0.003933633677661419
0.003874525660648942
0.003823018167167902
0.003778266254812479
4.596881866455078
0.00424524862319231
0.004771342035382986
0.005306304432451725
0.005461918655782938
0.006626207381486893
0.007294279523193836
0.007941470481455326
0.008410993963479996
0.008815915323793888
0.00915074534714222
0.009410841390490532
0.009597046300768852
0.009710205718874931
0.009593579918146133
0.009925545193254948
0.006286137737333775
0.009265766479074955
0.012067560106515884
0.013262075372040272
0.013395595364272594
0.015848293900489807
0.01718679629266262
0.01829475350677967
0.017878837883472443
0.02059887908399105
0.021725382655858994
0.02245456539094448
0.02277672104537487
0.022713378071784973
0.022307608276605606
0.020222635939717293
0.021542102098464966
0.019795343279838562
0.021456394344568253
0.020029133185744286
0.021921278908848763
0.022060202434659004
0.021855849772691727
0.01997111551463604
0.021441243588924408
0.021205656230449677
0.020687591284513474
0.01994025520980358
0.01902233436703682
0.017990410327911377
0.01580478809773922
0.016469983384013176
0.01591223105788231
0.015256942249834538
0.013595662079751492
0.014384225010871887
0.014106840826570988
0.012837476097047329
0.013849749229848385
0.01382528617978096
0.013663172721862793
0.013381564058363438
0.013001574203372002
0.012543891556560993
0.012031315825879574
0.011482425965368748
0.010914957150816917
0.009675916284322739
0.010236039757728577
0.010062521323561668
0.009836222976446152
0.009565587155520916
0.009261595085263252
3.9397525787353516
0.008195550180971622
0.009937848895788193
0.012191488407552242
0.013683666475117207
0.015031862072646618
0.01617569290101528
0.017069140449166298
0.017684336751699448
0.01801368035376072
0.018067728728055954
0.01787308230996132
0.01746731996536255
0.01689266785979271
0.016193877905607224
0.01541190780699253
0.01458433736115694
0.013741565868258476
0.012906817719340324
0.011317002587020397
0.011898546479642391
0.011635086499154568
0.01132137980312109
0.010969672352075577
0.009907984174787998
0.010722275823354721
0.010074679739773273
0.01129360031336546
0.011702767573297024
0.011991596780717373
0.012159244157373905
0.012007609941065311
0.012350523844361305
0.012371626682579517
0.012283372692763805
0.012099696323275566
0.0116417296230793
0.011704453267157078
0.011499225161969662
0.011235732585191727
0.010926641523838043
0.010585040785372257
0.010221907868981361
0.009846956469118595
0.009468627162277699
0.009092411957681179
0.008724220097064972
0.008367428556084633
0.008024151436984539
0.007696919608861208
0.007387001067399979
0.007093972526490688
0.006377738434821367
0.00688244728371501
0.0069183483719825745
0.006928070914000273
0.00691330386325717
0.006431898567825556
0.007156963460147381
0.0073934332467615604
0.0075834570452570915
0.007725767325609922
0.00782163068652153
0.007872315123677254
0.007879930548369884
0.007848699577152729
0.007782000582665205
0.007684899959713221
0.007072246167808771
0.007284342776983976
0.008357587270438671
0.008859232068061829
0.009279807098209858
0.009608753025531769
0.009841005317866802
3.8634774684906006
0.011136016808450222
0.012197086587548256
0.013116706162691116
0.013865743763744831
0.014425619505345821
0.01478915847837925
0.0149622717872262
0.014959312975406647
0.01384415291249752
0.015248129144310951
0.01450013741850853
0.01530540268868208
3.3246428966522217
0.019636530429124832
0.025174850597977638
0.02918434888124466
0.0327310785651207
