[0. 0. 0. 0. 0. 0. 0. 0. 0. 0. 0. 0. 0. 0. 0. 0. 0. 0. 0. 0. 0. 0. 0. 0.
 0. 0. 0. 0. 0. 0. 0. 0. 0. 0. 0. 0. 0. 0. 0. 0. 0. 0. 0. 0. 0. 0. 0. 0.
 0. 0.]
[0.62893274 0.6352856  0.64170262 0.64818447 0.65473178 0.66134524
 0.66802549 0.67477322 0.68158911 0.68847385 0.69542813 0.70245266
 0.70954814 0.7167153  0.72395484 0.73126752 0.73865406 0.74611521
 0.75365173 0.76126437 0.76895391 0.77672112 0.78456679 0.79249171
 0.80049667 0.8085825  0.81675    0.825     ]
[0.72289755 0.73019954 0.73757529 0.74502555 0.75255106 0.76015259
 0.7678309  0.77558676 0.78342097 0.79133432 0.79932759 0.80740161
 0.81555718 0.82379513 0.83211629 0.84052151 0.84901162 0.8575875
 0.86625    0.875     ]
[0.82818789 0.83655342 0.84500345 0.85353884 0.86216045 0.87086914
 0.8796658  0.88855131 0.89752657 0.9065925  0.91575    0.925     ]
[0.78730089 0.79525343 0.80328629 0.81140029 0.81959626 0.82787501
 0.83623738 0.84468422 0.85321639 0.86183473 0.87054013 0.87933347
 0.88821563 0.8971875  0.90625   ]
[0.88546208 0.89440614 0.90344055 0.91256621 0.92178405 0.931095
 0.9405     0.95      ]
[0.88546208 0.89440614 0.90344055 0.91256621 0.92178405 0.931095
 0.9405     0.95      ]
[0.90029039 0.90938424 0.91856993 0.92784842 0.93722063 0.9466875
 0.95625   ]
[0.90029039 0.90938424 0.91856993 0.92784842 0.93722063 0.9466875
 0.95625   ]
[0.90029039 0.90938424 0.91856993 0.92784842 0.93722063 0.9466875
 0.95625   ]
[0.90029039 0.90938424 0.91856993 0.92784842 0.93722063 0.9466875
 0.95625   ]
[0.90029039 0.90938424 0.91856993 0.92784842 0.93722063 0.9466875
 0.95625   ]
[0.88546208 0.89440614 0.90344055 0.91256621 0.92178405 0.931095
 0.9405     0.95      ]
[0.90029039 0.90938424 0.91856993 0.92784842 0.93722063 0.9466875
 0.95625   ]
[0.87084031 0.87963667 0.88852189 0.89749686 0.90656248 0.91571968
 0.92496937 0.9343125  0.94375   ]
[0.90029039 0.90938424 0.91856993 0.92784842 0.93722063 0.9466875
 0.95625   ]
[0.76099038 0.76867715 0.77644157 0.78428441 0.79220648 0.80020856
 0.80829148 0.81645604 0.82470307 0.8330334  0.84144788 0.84994736
 0.85853268 0.86720473 0.87596438 0.8848125  0.89375   ]
[0.87084031 0.87963667 0.88852189 0.89749686 0.90656248 0.91571968
 0.92496937 0.9343125  0.94375   ]
[0.90029039 0.90938424 0.91856993 0.92784842 0.93722063 0.9466875
 0.95625   ]
[0.90029039 0.90938424 0.91856993 0.92784842 0.93722063 0.9466875
 0.95625   ]
[0.87084031 0.87963667 0.88852189 0.89749686 0.90656248 0.91571968
 0.92496937 0.9343125  0.94375   ]
