0.0
0.0
0.0
0.02224854403338244
0.4100363573992596
0.6457581550458373
0.7360156204037531
0.8368598636917172
0.8474714715505087
0.8343082323925276
0.7773541519095756
0.8664821124836368
0.8422709721022826
0.8364465936274499
0.8602268902106606
0.8783299398780003
0.8874498037244731
0.8755633800485105
0.8851915830857386
0.8987150353040518
0.10836844185858605
0.6053279937341867
0.6944456264171912
0.8160292957042998
0.816352265093076
0.8733600011020338
0.7465386485359459
0.8578100632029766
0.847771405421155
0.8618635782455327
0.839521595695347
0.8821302023788183
0.8126786486882568
0.8653655346986038
0.8114016536602907
0.8872499283696577
0.8825107479531124
0.9053548003554927
0.9031197447393644
0.8880279277551877
