0.0
0.0
0.0
0.0
0.0
0.0
0.0
0.0
0.0
0.0
0.0
0.0
0.0
0.0
0.0
0.0
0.0
0.0
0.0
0.0
0.0
0.0
0.0
0.0
0.0
0.0
0.0
0.0
0.0
0.0
0.0
0.0
0.0
0.0
0.0
0.0
0.0
0.0
0.0
0.0
0.0
0.0
0.0
0.0
0.0
0.0
0.0
0.0
0.0
0.0
0.0
0.0
0.0
0.0
0.0
0.0
0.0
0.0
0.0
0.0
0.0
0.0
0.0
0.0
0.0
0.0
0.0
0.0
0.0
0.0
0.0
0.0
0.0
0.0
0.0
0.0
0.0
0.0
0.0
0.0
0.0
0.0
0.0
0.0
0.0
0.0
0.0
0.0
0.0
0.0
0.0
0.0
0.0
0.0
0.0
0.0
0.0
0.0
0.0
0.0
0.0
0.0
0.0
0.0
0.0
0.0
0.0
0.0
0.0
0.0
0.0
0.0
0.0
0.0
0.0
0.0
0.0
0.0
0.0
0.0
0.0
0.0
0.0
0.0
0.0
0.0
0.0
0.0
0.0
0.0
0.0
0.0
0.0
0.0
0.0
0.0
0.0
0.0
0.0
0.0
0.0
0.0
0.0
0.0
0.0
0.0
0.0
0.0
0.0
0.0
0.0
0.0
0.0
0.0
0.0
0.0
0.0
0.0
0.0
0.0
0.0
0.0
0.0
0.0
0.0
0.0
0.0
0.0
0.0
0.0
0.0
0.0
0.0
0.0
0.0
0.0
0.0
0.0
0.0
0.0
0.0
0.0
0.0
0.0
0.0
0.0
0.0
0.0
0.0
0.0
0.0
0.0
0.0
0.0
0.0
0.0
0.0
0.0
0.0
0.0
0.0
0.0
0.0
0.0
0.0
0.0
0.0
0.0
0.0
0.0
0.0
0.0
0.0
0.0
0.0
0.0
0.0
0.0
0.0
0.0
0.0
0.0
0.0
0.0
0.0
0.0
0.0
0.0
0.0
0.0
0.0
0.0
0.0
0.0
0.0
0.0
0.0
0.0
0.0
0.0
0.0
0.0
0.0
0.0
0.0
0.0
0.0
0.0
0.0
0.0
0.0
0.0
0.0
0.0
0.0
0.0
0.0
0.0
0.0
0.0
0.0
0.0
0.0
0.0
0.0
0.0
0.0
0.0
0.0
0.0
0.0
0.0
0.0
0.0
0.0
0.0
0.0
0.0
0.0
0.0
0.0
0.0
0.0
0.0
0.0
0.0
0.0
0.0
0.0
0.0
0.0
0.0
0.0
0.0
0.0
0.0
0.0
0.0
0.0
0.0
0.0
0.0
0.0
0.0
0.0
0.0
0.0
0.0
0.0
0.0
0.0
0.0
0.0
0.0
0.0
0.0
0.0
0.0
0.0
0.0
0.0
0.0
0.0
0.0
0.0
0.0
0.0
0.0
0.0
0.0
0.0
0.0
0.0
0.0
0.0
0.0
0.0
0.0
0.0
0.0
0.0
0.0
0.0
0.0
0.0
0.0
0.0
0.0
0.0
0.0
0.0
0.0
0.0
0.0
0.0
0.0
0.0
0.0
0.0
0.0
0.0
0.0
0.0
0.0
0.0
0.0
0.0
0.0
0.0
0.0
0.0
0.0
0.0
0.0
0.0
0.0
0.0
0.0
0.0
0.0
0.0
0.0
0.0
0.0
1.2425117492675781
0.0
0.0
0.0
0.0
0.0
0.0
0.0
0.0
0.0
0.0
0.0
0.0
0.9797109365463257
0.0
0.5814993381500244
0.0
0.0
0.0
0.0
0.0
0.0
0.0
0.0
0.0
0.3909749984741211
0.0
0.0
0.79118812084198
0.7040879726409912
0.0
0.44197529554367065
0.0
0.0
0.0
0.0
0.22151435911655426
0.0
0.48268070816993713
0.0
0.0
0.0
0.6383335590362549
0.3637263774871826
0.3869413137435913
0.0
0.0
0.4677468240261078
0.3393022119998932
0.40588343143463135
0.4856886565685272
0.6264209151268005
0.28599488735198975
0.39834704995155334
0.3892844319343567
0.0
0.6764403581619263
0.3677200973033905
0.4723135828971863
0.6071516871452332
0.0
0.0
0.0
0.44978487491607666
0.0
0.9177584052085876
0.0
0.0
0.0
0.0
0.0
0.0
0.8478515148162842
0.6008075475692749
0.5516836643218994
0.6579762101173401
0.0
0.0
0.0
0.0
0.5866489410400391
0.0
0.164657324552536
0.0
0.0
0.6208875179290771
0.3572530448436737
0.29997551441192627
0.0
0.5218302011489868
0.6192901730537415
0.367953896522522
0.17212273180484772
0.0
0.21627581119537354
0.3413885533809662
0.11788070946931839
0.0
0.34081414341926575
0.0
0.4341541528701782
0.0
0.6800838708877563
0.0
0.324336975812912
0.670022189617157
0.17482157051563263
0.7700412273406982
0.3761596977710724
0.49455195665359497
0.1931343972682953
0.8781051635742188
0.0
0.1990921050310135
0.0
0.0
0.0
0.0
0.3429045081138611
0.592628002166748
0.37844347953796387
0.18109945952892303
0.6836931109428406
0.0
0.43429070711135864
0.8004630208015442
0.7356084585189819
0.27173516154289246
0.342838853597641
0.2903284728527069
0.0
0.2537052035331726
0.4071771502494812
0.583920955657959
0.0
0.5318823456764221
0.0
0.1473844051361084
0.0
0.8117002844810486
0.1810191124677658
0.14721934497356415
0.0
0.0
0.38672935962677
0.7812369465827942
0.0
0.33080828189849854
0.5989096164703369
0.2538597881793976
0.5170115828514099
0.2597552239894867
0.5700325965881348
0.18518708646297455
0.0
0.13029126822948456
0.47399041056632996
0.19112429022789001
0.06465962529182434
0.4043271541595459
0.0
0.13884299993515015
0.29950010776519775
0.1877889633178711
0.0
0.43470248579978943
0.3051901161670685
0.18585138022899628
0.24842965602874756
0.11633560061454773
0.0
0.19422654807567596
0.0
0.0
0.05314202234148979
0.0
0.13311392068862915
0.12133122235536575
0.0
0.142251655459404
0.08304848521947861
0.0693914070725441
0.08722265064716339
0.09510095417499542
0.06461542844772339
0.0
0.1547461599111557
0.25613927841186523
0.16289633512496948
0.07028036564588547
0.06564964354038239
0.06782639771699905
0.1463467925786972
0.0
0.28644517064094543
0.15842901170253754
0.05959802120923996
0.049484629184007645
0.0470285601913929
0.048142727464437485
0.14193293452262878
0.1218864917755127
0.04562362655997276
0.36163702607154846
0.0
0.20237642526626587
0.12202978134155273
0.07288941740989685
0.06547950208187103
0.11476894468069077
0.0
0.04693521931767464
0.04641139134764671
0.0
0.20209434628486633
0.07630052417516708
0.2624548673629761
0.0
0.0
0.0
0.19095014035701752
0.27192121744155884
0.11366748064756393
0.2109748125076294
0.048058681190013885
0.03581947460770607
0.035461753606796265
0.15491518378257751
0.1067766398191452
0.2501199245452881
0.0
0.11161656677722931
0.30605989694595337
0.29370662569999695
0.4250262975692749
0.0
0.04573312774300575
0.20318050682544708
0.036083053797483444
0.33772534132003784
0.035851772874593735
0.04794890806078911
0.1341826468706131
0.03458971530199051
0.0833953395485878
0.0
0.043798044323921204
0.20744110643863678
0.1944437474012375
0.10448448359966278
0.030679190531373024
0.030346283689141273
0.03970252349972725
0.05772032588720322
0.11033760011196136
0.04644095525145531
0.037694916129112244
0.02995523065328598
0.037160102277994156
0.056661348789930344
0.030646979808807373
0.036932770162820816
0.0
0.036899201571941376
0.0421944335103035
0.06688808649778366
0.04196598008275032
0.03738968074321747
0.046298474073410034
0.03342340141534805
0.1282610446214676
0.0
0.05029255896806717
0.27198368310928345
0.036282993853092194
0.0357472263276577
0.03522485867142677
0.05291052162647247
0.1086961105465889
0.04113076999783516
0.026646792888641357
0.3359209895133972
0.025021452456712723
0.20711036026477814
0.02374250255525112
0.023793917149305344
0.39869484305381775
0.0
0.0
0.0
0.03401198983192444
0.0
0.34101080894470215
0.039862219244241714
0.2504471242427826
0.10854728519916534
0.0
0.30400076508522034
0.2015421837568283
0.0
0.04794381558895111
0.20516403019428253
0.0
0.04212429001927376
0.2786327302455902
0.1674237847328186
0.1676049828529358
0.026671700179576874
0.2132437825202942
0.026697499677538872
0.026642806828022003
0.04183318465948105
0.0
0.025564150884747505
0.21973176300525665
0.024816732853651047
0.056789472699165344
0.024003304541110992
0.27604109048843384
0.3830796778202057
0.02333776466548443
0.06645292043685913
0.0
0.06264863908290863
0.05971899628639221
0.12785060703754425
0.05372020602226257
0.025223178789019585
0.026097271591424942
0.04128284379839897
0.1978798806667328
0.09973374009132385
0.04633549228310585
0.05065080523490906
0.03236589580774307
0.07792073488235474
0.042618151754140854
0.25364527106285095
0.09686026722192764
0.04252295941114426
0.13220980763435364
0.06304340064525604
0.05841277539730072
0.1571907103061676
0.05425969138741493
0.05446736514568329
0.07752630114555359
0.1405031830072403
0.06076688691973686
0.05607227236032486
0.07724665850400925
0.06633962690830231
0.06791333854198456
0.06950554996728897
0.1799757331609726
0.06150311976671219
0.0
0.050602130591869354
0.058093756437301636
0.04616324603557587
0.04426981508731842
0.055254653096199036
0.05752679705619812
0.13531342148780823
0.046457499265670776
0.03869876265525818
0.049825385212898254
0.0
0.15202409029006958
0.06803489476442337
0.08057410269975662
0.040771856904029846
0.04658053442835808
0.046433351933956146
0.1849994659423828
0.040672577917575836
0.028329448774456978
0.034169603139162064
0.02694874443113804
0.12483323365449905
0.04880375415086746
0.14012938737869263
0.03319357708096504
0.14692473411560059
0.03331327065825462
0.16758888959884644
0.027968812733888626
0.040351081639528275
0.035359494388103485
0.030985740944743156
0.06672360748052597
0.061348166316747665
0.041578806936740875
0.03473382815718651
0.049024324864149094
0.03578556701540947
0.04577694460749626
0.042454544454813004
0.19493795931339264
0.04323342815041542
0.04405859485268593
0.054374489933252335
0.056540533900260925
0.0458640530705452
0.06026289612054825
0.042284321039915085
0.1658044457435608
0.08742217719554901
0.05492136627435684
0.05214928090572357
0.04628719389438629
0.08653197437524796
0.0476466603577137
0.06983080506324768
0.05284113064408302
0.05425529181957245
0.1616152971982956
0.05376216396689415
0.0646103024482727
0.055639609694480896
0.0
0.045117784291505814
0.04387596994638443
0.14920608699321747
0.047479137778282166
0.046585794538259506
0.045804306864738464
0.0
0.044736795127391815
0.04056357964873314
0.04005550220608711
0.05335971713066101
0.02921919897198677
0.033737167716026306
0.06151984632015228
0.026643211022019386
0.03251345083117485
0.04564901441335678
0.07232876121997833
0.025024624541401863
0.19289658963680267
0.02495751902461052
0.03183868154883385
0.03885709121823311
0.04602089524269104
0.03152161464095116
0.02398151159286499
0.023667681962251663
0.03888225555419922
0.12346860766410828
0.17455576360225677
0.20126095414161682
0.13786202669143677
0.03987571597099304
0.07592397183179855
0.23303867876529694
0.048306360840797424
0.02231949009001255
0.04714182764291763
0.14974671602249146
0.038829460740089417
0.24372966587543488
0.03879125788807869
0.15288373827934265
0.2591158151626587
0.023197434842586517
0.022823462262749672
0.05730972811579704
0.05788948014378548
0.14616191387176514
0.04045259952545166
0.28949522972106934
0.1502319574356079
0.022468969225883484
0.18275056779384613
0.3109343647956848
0.21463623642921448
0.032392967492341995
0.06596335768699646
0.03282506763935089
0.20364618301391602
0.33594632148742676
0.033124782145023346
0.2506036162376404
0.0
0.022287720814347267
0.02239859662950039
0.03380684554576874
0.03387218341231346
0.02244916744530201
0.08834534883499146
0.21848857402801514
0.023029103875160217
0.06170901656150818
0.02386784553527832
0.04148048907518387
0.12301213294267654
0.025212159380316734
0.05499858036637306
0.04723598435521126
0.03332255035638809
0.02691640704870224
0.03352959081530571
0.03971826657652855
0.027361812070012093
0.05141712352633476
0.04537245258688927
0.02749810367822647
0.027407918125391006
0.06764959543943405
0.027287907898426056
0.044805049896240234
0.03318276256322861
0.038899876177310944
0.03881368786096573
0.0770367681980133
0.0387377068400383
0.06898647546768188
0.12885232269763947
0.029551414772868156
0.05703511834144592
0.1757783442735672
0.0311701912432909
0.03171354532241821
0.06610517203807831
0.032444700598716736
0.28320300579071045
0.05163548141717911
0.04373966529965401
0.03923472389578819
0.04828799143433571
0.028745386749505997
0.02792530320584774
0.02691008895635605
0.03204157203435898
0.03819248080253601
0.023671744391322136
0.046170130372047424
0.2605488896369934
0.17002254724502563
0.03998720273375511
0.04057731479406357
0.01942533813416958
0.030430570244789124
0.053439877927303314
0.030552534386515617
0.018665766343474388
0.15420778095722198
0.018330205231904984
0.0
0.017861170694231987
0.24373339116573334
0.04521918669342995
0.09924378991127014
0.04464555159211159
0.05589299276471138
0.053579047322273254
0.07127215713262558
0.039475761353969574
0.022366231307387352
0.02365886978805065
0.02472349815070629
0.04410488158464432
0.0
0.04352976009249687
0.0
0.028697360306978226
0.029055219143629074
0.08525638282299042
0.04325169697403908
0.07338781654834747
0.278766930103302
0.040905486792325974
0.035756297409534454
0.07664123922586441
0.06206592917442322
0.061254438012838364
0.0718250572681427
0.06466319411993027
0.04772374778985977
0.04906560480594635
0.07286122441291809
0.0
0.050725046545267105
0.06778841465711594
0.06301077455282211
0.06617926061153412
0.0570296049118042
0.0757870003581047
0.17175781726837158
0.05710139870643616
0.054821036756038666
0.059182051569223404
0.05556277930736542
0.06467106193304062
0.076882004737854
0.05659080669283867
0.16001415252685547
0.05049717798829079
0.04829662665724754
0.04909190163016319
0.07658961415290833
0.04584132507443428
0.04303843155503273
0.03962715342640877
0.05062241107225418
0.04503381624817848
0.041365865617990494
0.03354521840810776
0.1712092161178589
0.043004848062992096
0.14789825677871704
0.02519216574728489
0.030604088678956032
0.13006190955638885
0.020365623757243156
0.1800960749387741
0.1236545667052269
0.20606639981269836
0.24197930097579956
0.1729140728712082
0.2072466015815735
0.2511793076992035
0.01749916560947895
0.018257834017276764
0.0190565288066864
0.04323241114616394
0.02038978971540928
0.020735837519168854
0.22489365935325623
0.020802699029445648
0.0
0.318673312664032
0.307341068983078
0.0
0.0
0.4414588212966919
0.21737518906593323
0.4316711723804474
0.14803896844387054
0.0
0.0
0.02531367354094982
0.0
0.0
0.13567689061164856
0.09260701388120651
0.025499021634459496
0.20784512162208557
0.024267854169011116
0.023249942809343338
0.15038351714611053
0.2939945161342621
0.246826171875
0.10868331789970398
0.13979364931583405
0.02019592560827732
0.06303340196609497
0.019468681886792183
0.019068162888288498
0.09812711924314499
0.0
0.01839379034936428
0.09934509545564651
0.018228618428111076
0.018157338723540306
0.050483860075473785
0.033702053129673004
0.0611884705722332
0.03227241337299347
0.031782153993844986
0.22501760721206665
0.1770474761724472
0.024115044623613358
0.05285300314426422
0.02808321639895439
0.03500046581029892
0.04055071994662285
0.06575074791908264
0.04158477485179901
0.03472978249192238
0.04585796222090721
0.045899197459220886
0.058834705501794815
0.16499097645282745
0.0
0.05583686754107475
0.05250488594174385
0.08988489210605621
0.042397309094667435
0.08737709373235703
0.15438194572925568
0.04550425708293915
0.048854194581508636
0.043222926557064056
0.3515901267528534
0.06105437129735947
0.05389080196619034
0.05004139244556427
0.047706589102745056
0.04704005643725395
0.048490408807992935
0.03976057842373848
0.16601093113422394
0.05781978741288185
0.08464779704809189
0.06197600066661835
0.04667023569345474
0.04947762191295624
0.05172887444496155
0.05176626145839691
0.04558442905545235
0.0746886283159256
0.042750466614961624
0.0
0.1347329467535019
0.04296899959445
0.15230262279510498
0.054670289158821106
0.03876703232526779
0.033442653715610504
0.048609938472509384
0.20088742673397064
0.07088200747966766
0.044681742787361145
0.13600006699562073
0.024090556427836418
0.0228896364569664
0.03047298453748226
0.16896335780620575
0.01965630054473877
0.04140906035900116
0.042198728770017624
0.21808850765228271
0.03062416985630989
0.017358599230647087
0.08424316346645355
0.01727374829351902
0.2494780719280243
0.017577970400452614
0.030722854658961296
0.03068842925131321
0.11915946006774902
0.030628567561507225
0.0306027103215456
0.1518813967704773
0.22514750063419342
0.04232010245323181
0.030564291402697563
0.018921587616205215
0.04193828999996185
0.1328313946723938
0.11891797184944153
0.018767202273011208
0.018456609919667244
0.12087613344192505
0.030967462807893753
0.10083372890949249
0.1317916065454483
0.017196450382471085
0.1315697431564331
0.0
0.017165768891572952
0.04785958305001259
0.10504386574029922
0.017179332673549652
0.01704980619251728
0.20438118278980255
0.08275195211172104
0.44828253984451294
0.017681239172816277
0.25026729702949524
0.018412500619888306
0.033234234899282455
0.033296842128038406
0.01894078403711319
0.10326357185840607
0.019184309989213943
0.019254136830568314
0.13428246974945068
0.033101845532655716
0.03295661509037018
0.01981285959482193
0.0
0.27242425084114075
0.019852835685014725
0.03276192769408226
0.03282250091433525
0.032830748707056046
0.40790000557899475
0.01906334049999714
0.18434810638427734
0.12888827919960022
0.018738459795713425
0.36335885524749756
0.09539662301540375
0.019424092024564743
0.20541411638259888
0.01992286927998066
0.05141669139266014
0.34530314803123474
0.1625833660364151
0.020872918888926506
0.1161615177989006
0.021260177716612816
0.021239569410681725
0.02114374376833439
0.49167221784591675
0.02118567004799843
0.12162420898675919
0.29505959153175354
0.021755294874310493
0.02190578728914261
0.055829402059316635
0.021931488066911697
0.373302161693573
0.0387694388628006
0.021738411858677864
0.021572455763816833
0.09564191102981567
0.021132785826921463
0.020874014124274254
0.020574893802404404
0.23516449332237244
0.444519579410553
0.09367936104536057
0.020527992397546768
0.020651502534747124
0.03621822968125343
0.22236353158950806
0.26743176579475403
0.02036982588469982
0.12049335241317749
0.28846585750579834
0.0371374785900116
0.18097099661827087
0.09681456536054611
0.1597236543893814
0.03813835233449936
0.0199908334761858
0.11121377348899841
0.1248655617237091
0.3699362576007843
0.11534315347671509
0.020321572199463844
0.08304807543754578
0.020657556131482124
0.020737795159220695
0.28357231616973877
0.12313743680715561
0.15730252861976624
0.161799356341362
0.1995638906955719
0.02018987573683262
0.30061042308807373
0.02017873525619507
0.19874325394630432
0.15186762809753418
0.03920211270451546
0.020503392443060875
0.0
0.020557332783937454
0.020492946729063988
0.059787567704916
0.15651661157608032
0.03981092572212219
0.4124239683151245
0.14219127595424652
0.13870370388031006
0.0946037694811821
0.15097402036190033
0.020110856741666794
0.020205531269311905
0.020251844078302383
0.0
0.3461417257785797
0.03603488951921463
0.09923577308654785
0.020249074324965477
0.03661008179187775
0.020066991448402405
0.1257258653640747
0.019879061728715897
0.11849852651357651
0.23216213285923004
0.17425180971622467
0.11566714942455292
0.019911808893084526
0.03815348446369171
0.18882964551448822
0.10506066679954529
0.13401015102863312
0.31542977690696716
0.24186067283153534
0.13797502219676971
0.08411607891321182
0.3889188766479492
0.10689874738454819
0.049022503197193146
0.026267971843481064
0.09874473512172699
0.027489081025123596
0.2018335908651352
0.5360633134841919
0.09178532660007477
0.16357667744159698
0.029888316988945007
0.6007845401763916
0.14704838395118713
0.40262722969055176
0.4227403700351715
0.0
0.15910428762435913
0.14764869213104248
0.08773936331272125
0.10367558151483536
0.16073296964168549
0.0
0.2289246767759323
0.7559640407562256
0.031064528971910477
0.14025604724884033
0.032509490847587585
0.10892509669065475
0.10469801723957062
0.38598746061325073
0.03244752809405327
0.10642201453447342
0.2060745805501938
0.10673294216394424
0.10843507945537567
0.33582958579063416
0.26694026589393616
0.31100964546203613
0.27312031388282776
0.3428768813610077
0.05170968919992447
0.08499976992607117
0.03577510267496109
0.6144303679466248
0.03730761632323265
0.1074577048420906
0.26650282740592957
0.27132275700569153
0.10530665516853333
0.3618304133415222
0.15869423747062683
0.088385209441185
0.15562617778778076
0.17255933582782745
0.10348152369260788
0.20228366553783417
0.04204432666301727
0.16150550544261932
0.11898373812437057
0.20739392936229706
0.12138772010803223
0.22078874707221985
0.08718790858983994
0.039491478353738785
0.03874458745121956
0.3152480721473694
0.5082690715789795
0.4647594094276428
0.398191899061203
0.04122089967131615
0.18315109610557556
0.6167131662368774
0.2313312143087387
0.0
0.0
0.14617326855659485
0.5177585482597351
0.44689735770225525
0.05668201297521591
0.0
0.2910214364528656
0.05828162282705307
0.17346560955047607
0.21640914678573608
0.0
0.1962166428565979
0.24008707702159882
0.24429282546043396
0.30995461344718933
0.15674477815628052
0.08975278586149216
0.10612738877534866
0.2871769964694977
0.18634524941444397
0.06928645074367523
0.10826225578784943
0.2792874276638031
0.17503227293491364
0.19633933901786804
0.09057662636041641
0.12198150902986526
0.11860442161560059
0.04330892488360405
0.12577614188194275
0.08950928598642349
0.09807324409484863
0.09758736938238144
0.10144829750061035
0.2749454379081726
0.05121181160211563
0.08564512431621552
0.3780656158924103
0.3534633219242096
0.06427900493144989
0.049891404807567596
0.09041445702314377
0.07801660150289536
0.21947968006134033
0.0905265212059021
0.0363701693713665
0.11055729538202286
0.1549973338842392
0.21547114849090576
0.11038266867399216
0.10401064157485962
0.056462258100509644
0.11763763427734375
0.10572139918804169
0.04544670879840851
0.19559568166732788
0.04479891434311867
0.056087106466293335
0.1644705981016159
0.0
0.15638422966003418
0.12053315341472626
0.043674178421497345
0.057885803282260895
0.04348892718553543
0.028310250490903854
0.02773039974272251
0.027058575302362442
0.5219475030899048
0.02596414089202881
0.17194004356861115
0.08548187464475632
0.17530320584774017
0.25540104508399963
0.09420043975114822
0.1459050178527832
0.14095281064510345
0.6776722073554993
0.1602174937725067
0.22395563125610352
0.1400170922279358
0.11998632550239563
0.16418981552124023
0.1353830099105835
0.10873931646347046
0.4064549207687378
0.08671631664037704
0.6758685111999512
0.3256731331348419
0.20660538971424103
0.4024122953414917
0.03356672450900078
0.03392726182937622
0.03401869535446167
0.18358324468135834
0.2470770627260208
0.13411752879619598
0.14152316749095917
0.2195761352777481
0.13027240335941315
0.1883573681116104
0.06875497102737427
0.10701827704906464
0.05570133775472641
0.10420405119657516
0.12026205658912659
0.03674627095460892
0.0
0.06687869131565094
0.09482431411743164
0.0347854420542717
0.0789976418018341
0.46485069394111633
0.2519482374191284
0.032323841005563736
0.18347810208797455
0.12309594452381134
0.031046949326992035
0.19732102751731873
0.11260320991277695
0.21253490447998047
0.16566090285778046
0.03048771061003208
0.15338969230651855
0.10248000174760818
0.07511860132217407
0.09688228368759155
0.3044756054878235
0.14053767919540405
0.07477787882089615
0.0310328621417284
0.10642756521701813
0.09645713865756989
0.07966188341379166
0.1630498468875885
0.23078319430351257
0.030824007466435432
0.06564758718013763
0.47932934761047363
0.030661500990390778
0.030536770820617676
0.20819225907325745
0.19308839738368988
0.20454908907413483
0.05641072615981102
0.043771520256996155
0.032279420644044876
0.05416924133896828
0.1874864250421524
0.13677926361560822
0.03325487673282623
0.11683706194162369
0.03271995857357979
0.052008070051670074
0.13097047805786133
0.22224046289920807
0.10417359322309494
0.031311992555856705
0.08305073529481888
0.11362454295158386
0.24112845957279205
0.07408612966537476
0.2467847317457199
0.0322810634970665
0.16867698729038239
0.033395182341337204
0.04210257530212402
0.03455979749560356
0.04941168799996376
0.15965890884399414
0.2021501213312149
0.1724962294101715
0.03740019351243973
0.1060340479016304
0.05484321713447571
0.16468572616577148
0.04064946994185448
0.12315044552087784
0.07142718881368637
0.09006152302026749
0.15721425414085388
0.07605798542499542
0.04638242349028587
0.117062509059906
0.04655289277434349
0.046223245561122894
0.10142721980810165
0.12534646689891815
0.1579550951719284
0.0370643213391304
0.059870485216379166
0.10365025699138641
0.09718771278858185
0.043139733374118805
0.035168565809726715
0.034324146807193756
0.024247126653790474
0.02304825372993946
0.02200159803032875
0.06669390946626663
0.020410463213920593
0.04492633417248726
0.019268035888671875
0.03222927451133728
0.018224142491817474
0.03205982223153114
0.08254653960466385
0.016865454614162445
0.1180514544248581
0.016245026141405106
0.015969954431056976
0.015652211382985115
0.17392101883888245
0.17267177999019623
0.03289402276277542
0.013978482224047184
0.013608032837510109
0.013251883909106255
0.012910328805446625
0.012602975592017174
0.1969127655029297
0.03647990897297859
0.0372527614235878
0.0
0.011889556422829628
0.260964035987854
0.011846829205751419
0.011849519796669483
0.3976098895072937
0.06622616946697235
0.1729993373155594
0.012149767018854618
0.012217526324093342
0.08012840896844864
0.06587915122509003
0.012334302999079227
0.01233222708106041
0.012292138300836086
0.12489394098520279
0.012244747951626778
0.012228474952280521
0.03802450746297836
0.012113497592508793
0.11091634631156921
0.01201123371720314
0.011973085813224316
0.011908098123967648
0.1701834499835968
0.011861592531204224
0.03649864345788956
0.011905805207788944
0.011903861537575722
0.18086522817611694
0.035321012139320374
0.012205365113914013
0.03442215174436569
0.11511874943971634
0.012672467157244682
0.012763814069330692
0.012796270661056042
0.012776851654052734
0.01272642333060503
0.08015051484107971
0.012548107653856277
0.012426343746483326
0.012275486253201962
0.09697242826223373
0.09389594942331314
0.012274040840566158
0.0122968889772892
0.03313162550330162
0.012296859174966812
0.10705406218767166
0.012198087759315968
0.012084062211215496
0.011942407116293907
0.011771108955144882
0.07721501588821411
0.011451324447989464
0.0973668172955513
0.011209423653781414
0.011094448156654835
0.010984239168465137
0.12810403108596802
0.010840926319360733
0.11755622178316116
0.20861107110977173
0.011039490811526775
0.011134506203234196
0.011205920949578285
0.0112351905554533
0.07838624715805054
0.06455960869789124
0.011379296891391277
0.011457172222435474
0.0654267743229866
0.011561290360987186
0.011583923362195492
0.1730431765317917
0.06465236842632294
0.08254874497652054
0.011457710526883602
0.011450096033513546
0.011410998180508614
0.07846824079751968
0.011329660192131996
0.011285688728094101
0.35866695642471313
0.12563151121139526
0.1547827273607254
0.011700890958309174
0.011874617077410221
0.011987810954451561
0.232951357960701
0.012454289942979813
0.15362006425857544
0.013291891664266586
0.16900499165058136
0.07457350939512253
0.050222791731357574
0.10858743637800217
0.01481164712458849
0.15025168657302856
0.19196444749832153
0.21127641201019287
0.01603306084871292
0.0878402590751648
0.016889991238713264
0.0
0.2822745442390442
0.26002416014671326
0.018396293744444847
0.018759798258543015
0.36073529720306396
0.019582314416766167
0.06144632771611214
0.10825978964567184
0.02040845714509487
0.10117615759372711
0.06138728931546211
0.05941290408372879
0.11255103349685669
0.018420452252030373
0.01774824596941471
0.23055610060691833
0.0722675621509552
0.29055625200271606
0.015933098271489143
0.015648283064365387
0.1744852513074875
0.05046670138835907
0.04957384243607521
0.014352627098560333
0.07544756680727005
0.13734176754951477
0.13295434415340424
0.01334377657622099
0.0871761217713356
0.013077047653496265
0.04547237977385521
0.17243441939353943
0.04388399422168732
0.012558119371533394
0.20979052782058716
0.13954488933086395
0.06791454553604126
0.04067791998386383
0.04031753167510033
0.08113718032836914
0.01272650994360447
0.012748182751238346
0.09012839198112488
0.012841220945119858
0.012925751507282257
0.012966199778020382
0.03625278174877167
0.1351020634174347
0.10113836079835892
0.013438545167446136
0.03493725135922432
0.1609640270471573
0.0802551731467247
0.07914402335882187
0.016286274418234825
0.017112767323851585
0.017747340723872185
0.018173227086663246
0.16524459421634674
0.018646007403731346
0.07670722156763077
0.018773842602968216
0.01865747943520546
0.04642948508262634
0.018254553899168968
0.10434368997812271
0.17655561864376068
0.01856183260679245
0.03269367665052414
0.032778020948171616
0.15427444875240326
0.05843966454267502
0.04522505775094032
0.07692423462867737
0.10013362020254135
0.02689022570848465
0.10476710647344589
0.044197358191013336
0.03855004906654358
0.19180753827095032
0.04549673944711685
0.04601909592747688
0.08413460850715637
0.23186828196048737
0.09790867567062378
0.11944487690925598
0.05607325956225395
0.05626237019896507
0.11520477384328842
0.06744276732206345
0.07349703460931778
0.11376996338367462
0.14815273880958557
0.05169626325368881
0.19501303136348724
0.07098491489887238
0.2472696453332901
0.11982836574316025
0.06321033835411072
0.06290391087532043
0.0
0.07824328541755676
0.046595487743616104
0.04274005442857742
0.05625835806131363
0.04621452838182449
0.0449875146150589
0.05154538154602051
0.1102457270026207
0.08240513503551483
0.030520260334014893
0.14933465421199799
0.027455413714051247
0.04626551643013954
0.024010946974158287
0.022299176082015038
0.03949984163045883
0.01904202066361904
0.02921687439084053
0.06614276766777039
0.04204431548714638
0.02891809679567814
0.015172298066318035
0.014797858893871307
0.05716315284371376
0.028764633461833
0.21923774480819702
0.08700805902481079
0.0770605206489563
0.028682999312877655
0.013983356766402721
0.17669610679149628
0.013825041241943836
0.013596275821328163
0.013258347287774086
0.012870246544480324
0.012426108121871948
0.029911493882536888
0.011675192974507809
0.01133259292691946
0.030881041660904884
0.12467998266220093
0.010633688420057297
0.1590094119310379
0.010275683365762234
0.03290511295199394
0.1009441390633583
0.010196860879659653
0.010355908423662186
0.032689169049263
0.09575733542442322
0.16401836276054382
0.04976393282413483
0.19646292924880981
0.06103407219052315
0.015053310431540012
0.029385387897491455
0.09961346536874771
0.029708169400691986
0.029995908960700035
0.049460478127002716
0.12938441336154938
0.08051209151744843
0.14138367772102356
0.025802576914429665
0.027172772213816643
0.1201622262597084
0.040897250175476074
0.07291845977306366
0.03641919419169426
0.051823511719703674
0.04709868133068085
0.04265538230538368
0.060067906975746155
0.09679542481899261
0.034240543842315674
0.042792629450559616
0.0379662960767746
0.13293127715587616
0.03224947303533554
0.060760755091905594
0.12605911493301392
0.2008448839187622
0.12965555489063263
0.11199980974197388
0.08116079121828079
0.033886391669511795
0.10776393860578537
0.10551043599843979
0.05975211039185524
0.14466004073619843
0.21876966953277588
0.0410730205476284
0.05267593264579773
0.1434071809053421
0.050424110144376755
0.13730761408805847
0.04270875081419945
0.13079676032066345
0.09063449501991272
0.043154533952474594
0.10696844756603241
0.056974660605192184
0.11519744247198105
0.04094640910625458
0.13764002919197083
0.13987097144126892
0.2936467230319977
0.0724620595574379
0.0574718676507473
0.10337593406438828
0.048723507672548294
0.07291387766599655
0.0537787564098835
0.043293241411447525
0.0430997833609581
0.037237171083688736
0.18543358147144318
0.042480215430259705
0.10316114127635956
0.030269227921962738
0.029676955193281174
0.02886074222624302
0.18333248794078827
0.0679970383644104
0.041327863931655884
0.1365681290626526
0.11008263379335403
0.1540914624929428
0.026004133746027946
0.033582404255867004
0.02522282674908638
0.0414058081805706
0.08103503286838531
0.04155620560050011
0.04168234393000603
0.17747434973716736
0.0788218155503273
0.03225988522171974
0.15994510054588318
0.023444823920726776
0.023607324808835983
0.1578322947025299
0.02428954839706421
0.12568014860153198
0.025221247225999832
0.025419455021619797
0.033408936113119125
0.025182534009218216
0.024796800687909126
0.15250174701213837
0.023732196539640427
0.16175144910812378
0.022248461842536926
0.09630977362394333
0.16104818880558014
0.03182748705148697
0.04415434971451759
0.019027424976229668
0.07047778367996216
0.032275836914777756
0.08249762654304504
0.07709728926420212
0.01735646277666092
0.032860733568668365
0.38271334767341614
0.03310936689376831
0.03325672447681427
0.017331909388303757
0.13333147764205933
0.017529135569930077
0.033404309302568436
0.15043814480304718
0.018414942547678947
0.11374787241220474
0.20913361012935638
0.018701307475566864
0.03287443518638611
0.018247950822114944
0.01793324388563633
0.03251105919480324
0.017186425626277924
0.03228836506605148
0.03217966854572296
0.016067778691649437
0.015683703124523163
0.048284661024808884
0.014984678477048874
0.03170904517173767
0.01439141295850277
0.08588102459907532
0.01387766096740961
0.013627976179122925
0.03149544820189476
0.013097898103296757
0.11801890283823013
0.03157589212059975
0.125033438205719
0.012285102158784866
0.13062161207199097
0.01233569998294115
0.012437316589057446
0.03161434829235077
0.03151142969727516
0.0853513553738594
0.04915621131658554
0.030939828604459763
0.06771378219127655
0.03058226779103279
0.1075863391160965
0.014706118032336235
0.17873091995716095
0.014682045206427574
0.01455320231616497
0.0756852924823761
0.04793456569314003
0.03123602829873562
0.014020740054547787
0.013902652077376842
0.0489041805267334
0.031393133103847504
0.06594596058130264
0.03130203112959862
0.013826672919094563
0.06582966446876526
0.013607948087155819
0.03157737851142883
0.09444122016429901
0.05047580599784851
0.03193381428718567
0.013014962896704674
0.012951750308275223
0.012804397381842136
0.032081570476293564
0.012445180676877499
0.16375645995140076
0.011875404044985771
0.011533638462424278
0.033240318298339844
0.03349774703383446
0.010760822333395481
0.07404598593711853
0.010445021092891693
0.010292955674231052
0.03437932953238487
0.010037248022854328
0.15132105350494385
0.15047775208950043
0.009761347435414791
0.03590863570570946
0.009688536636531353
0.009652204811573029
0.009596198797225952
0.06713075935840607
0.009489701129496098
0.009436391294002533
0.009365048259496689
0.11581655591726303
0.009205404669046402
0.009119411930441856
0.009019622579216957
0.008908296935260296
0.03924274817109108
0.008701751008629799
0.008603353053331375
0.008494284935295582
0.008376113139092922
0.08599688857793808
0.008174251765012741
0.008088679984211922
0.00799527857452631
0.007899248041212559
0.007808259222656488
0.10828298330307007
0.007661449257284403
0.007601083721965551
0.007530491333454847
0.007451184559613466
0.00737569946795702
0.04233599826693535
0.17930537462234497
0.007184067741036415
0.007123827468603849
0.007062374148517847
0.006991991773247719
0.09480126202106476
0.0068767075426876545
0.11708282679319382
0.006827705539762974
0.00682029128074646
0.0067983041517436504
0.1841033697128296
0.10099955648183823
0.2060001939535141
0.09196244180202484
0.0073060994036495686
0.08260821551084518
0.007760006934404373
0.007966406643390656
0.00812598131597042
0.008236581459641457
0.008298061788082123
0.008311240002512932
0.16327066719532013
0.008302617818117142
0.008279945701360703
0.05045458301901817
0.09562212973833084
0.008036528714001179
0.007933804765343666
0.007804966066032648
0.007655852474272251
0.007503715809434652
0.007356464397162199
0.007210422772914171
0.007063189055770636
0.006916490849107504
0.0
0.0
0.0
0.0
0.13819456100463867
0.0
0.0
0.0
0.0
0.0
0.0
0.0
0.0
0.0
0.0
0.0
0.0
0.0
0.0
0.0
0.0
0.0
0.0
0.0
0.0
0.0
0.0
0.0
0.31983712315559387
0.0
0.0
0.0
0.0
0.0
0.0
0.0
0.0
0.0
0.0
0.0
0.0
0.0
0.0
0.0
0.0
0.0
0.0
0.0
0.0
0.0
0.0
0.0
0.0
0.0
0.0
0.08037159591913223
0.0
0.0
0.0
0.0
0.0
0.0
0.0
0.0
0.0
0.0
0.0
0.0
0.0
0.0
0.24588119983673096
0.2713847756385803
0.0
0.0
0.0
0.0
0.0
0.0
0.0
0.0
0.0
0.0
0.0
0.0
0.0
0.0
0.0
0.05426827445626259
0.0
0.0
0.0
0.0
0.048904310911893845
0.2072240263223648
0.04589333012700081
0.5669021606445312
0.0
0.041971515864133835
0.0
0.2711201608181
0.2571745812892914
0.0
0.11902253329753876
0.0
0.04069072753190994
0.22366243600845337
0.0
0.038534585386514664
0.49204060435295105
0.09992801398038864
0.22818748652935028
0.24257248640060425
0.21275416016578674
0.47201007604599
0.2702513039112091
0.0
0.0
0.15099826455116272
0.0
0.04642356559634209
0.0
0.29844561219215393
0.0
0.0
0.0
0.04427964612841606
0.0
0.16596519947052002
0.03952791169285774
0.0
0.035874541848897934
0.13868603110313416
0.0
0.1434193104505539
0.0
0.6483023166656494
0.03207625821232796
0.43109130859375
0.0
0.461338073015213
0.0
0.15816660225391388
0.03203762695193291
0.0
0.0
0.0
0.18996304273605347
0.14571566879749298
0.19930435717105865
0.0
0.06752180308103561
0.07318691909313202
0.20863060653209686
0.4330711364746094
0.27510952949523926
0.0
0.030871231108903885
0.4586857855319977
0.4367809295654297
0.0
0.0
0.0
0.31656530499458313
0.3728913962841034
0.07762684673070908
0.0
0.036203645169734955
0.5172977447509766
0.0
0.23458631336688995
0.03700916841626167
0.29240065813064575
0.0
0.20068733394145966
0.30720701813697815
0.06787409633398056
0.3210338354110718
0.03980204463005066
0.11571116745471954
0.0407165102660656
0.4015810787677765
0.24608950316905975
0.041541457176208496
0.23152746260166168
0.30152127146720886
0.119319848716259
0.0573589950799942
0.27449968457221985
0.4467891454696655
0.037913840264081955
0.1412171572446823
0.3403378427028656
0.0
0.3027004897594452
0.2992556095123291
0.03383231908082962
0.30357596278190613
0.032955266535282135
0.10459776967763901
0.5305834412574768
0.20990413427352905
0.30930769443511963
0.4583825170993805
0.03240102156996727
0.0
0.10130833834409714
0.16844601929187775
0.22945356369018555
0.12128161638975143
0.31432637572288513
0.11012120544910431
0.0
0.48425522446632385
0.1720404177904129
0.3371436595916748
0.5304834246635437
0.03593074902892113
0.3379886746406555
0.1706395149230957
0.2009783387184143
0.1512860506772995
0.03258529677987099
0.16797636449337006
0.031348299235105515
0.0
0.1788824200630188
0.11235018074512482
0.030382273718714714
0.45424771308898926
0.2072557508945465
0.03165500983595848
0.12491536140441895
0.35900723934173584
0.0
0.03766363114118576
0.09538997709751129
0.04081869497895241
0.04177193343639374
0.08487947285175323
0.0
0.428345263004303
0.0
0.0
0.0
0.050954222679138184
0.14590370655059814
0.0
0.0
0.0
0.1930580735206604
0.286040723323822
0.32812365889549255
0.0
0.0
0.0
0.294884592294693
0.2532971501350403
0.0
0.2355063408613205
0.32345882058143616
0.33213818073272705
0.0
0.0
0.04466848075389862
0.3059282600879669
0.06719709187746048
0.12838643789291382
0.2632591128349304
0.04477342963218689
0.12537723779678345
0.12083732336759567
0.06819060444831848
0.037683479487895966
0.05947175621986389
0.03431437164545059
0.0813823863863945
0.0313933864235878
0.03010397031903267
0.10453441739082336
0.09942900389432907
0.027082068845629692
0.3770424723625183
0.25271910429000854
0.025551727041602135
0.025246817618608475
0.43284815549850464
0.4185239374637604
0.3819218575954437
0.10063734650611877
0.108407162129879
0.02459387108683586
0.0
0.024435684084892273
0.1736202985048294
0.2192927747964859
0.1462208479642868
0.16375407576560974
0.17459706962108612
0.09168867766857147
0.14815771579742432
0.024557406082749367
0.3674411475658417
0.37330108880996704
0.024495195597410202
0.02436484768986702
0.024219011887907982
0.11803128570318222
0.15901066362857819
0.38169094920158386
0.28187060356140137
0.023812243714928627
0.3331868052482605
0.09314091503620148
0.351902574300766
0.3782908320426941
0.1197642832994461
0.18517325818538666
0.17702947556972504
0.0
0.025070292875170708
0.31504857540130615
0.05926378071308136
0.2621721625328064
0.0805271714925766
0.0267610102891922
0.05588419735431671
0.18379893898963928
0.0560617595911026
0.18361715972423553
0.1984359622001648
0.07959149032831192
0.3692331314086914
0.028204109519720078
0.2886906564235687
0.0782703161239624
0.02826637029647827
0.23855556547641754
0.1665378212928772
0.11054018139839172
0.14676974713802338
0.027835970744490623
0.0503159798681736
0.2530120015144348
0.0
0.05263565108180046
0.3254467248916626
0.07595723867416382
0.02755717933177948
0.027553625404834747
0.3257950246334076
0.09211020171642303
0.31918129324913025
0.026340598240494728
0.13816113770008087
0.05342769995331764
0.02581014856696129
0.025656403973698616
0.05424274504184723
0.07834403961896896
0.10255074501037598
0.04797849804162979
0.10092439502477646
0.24317342042922974
0.2583594024181366
0.16294309496879578
0.05120660364627838
0.3487547039985657
0.1178121268749237
0.03184310719370842
0.41165047883987427
0.03803566098213196
0.1161172091960907
0.030988333746790886
0.031111715361475945
0.05271608382463455
0.03617017716169357
0.12525439262390137
0.12980367243289948
0.09000979363918304
0.05139550566673279
0.0
0.15433233976364136
0.23175863921642303
0.03352237492799759
0.03263485059142113
0.14253725111484528
0.03346436098217964
0.09675443917512894
0.10305289924144745
0.299481600522995
0.030739106237888336
0.3064452111721039
0.035043537616729736
0.035351160913705826
0.06356776505708694
0.18502308428287506
0.23657123744487762
0.15412278473377228
0.0
0.029533524066209793
0.049412064254283905
0.13646365702152252
0.1154019758105278
0.0
0.11862029135227203
0.5059881806373596
0.32632774114608765
0.13293065130710602
0.09676770120859146
0.02701559290289879
0.07662144303321838
0.0
0.05109842121601105
0.02579924836754799
0.1351308971643448
0.025587771087884903
0.17045292258262634
0.08809518069028854
0.07535485923290253
0.13168005645275116
0.25429990887641907
0.05155958607792854
0.15802790224552155
0.11518125236034393
0.24463006854057312
0.024554772302508354
0.0
0.14332839846611023
0.1187528446316719
0.04687950760126114
0.044657111167907715
0.28690090775489807
0.16318148374557495
0.0
0.09784360229969025
0.09150972217321396
0.0330967903137207
0.03441203758120537
0.21049147844314575
0.19061905145645142
0.05156884714961052
0.11328970640897751
0.09389827400445938
0.1849837303161621
0.05810565501451492
0.11243312805891037
0.15598171949386597
0.05235840752720833
0.2850991487503052
0.05510303005576134
0.13649509847164154
0.1573498547077179
0.05881150811910629
0.05517448112368584
0.09377449750900269
0.13946491479873657
0.08889241516590118
0.08808610588312149
0.07621926069259644
0.2545740604400635
0.030357591807842255
0.2187785655260086
0.2898525893688202
0.030175048857927322
0.0755162388086319
0.02865416929125786
0.1317911595106125
0.027179470285773277
0.04335357993841171
0.02588639222085476
0.0861135944724083
0.04697588458657265
0.11511649936437607
0.02523104101419449
0.025242984294891357
0.04643792659044266
0.1042330265045166
0.30127260088920593
0.10636704415082932
0.04416416212916374
0.0
0.30799591541290283
0.03940533474087715
0.21397265791893005
0.03474123403429985
0.17193548381328583
0.20964474976062775
0.03300531581044197
0.030150212347507477
0.033917997032403946
0.0950680524110794
0.12085499614477158
0.02810739539563656
0.03653646633028984
0.026958957314491272
0.0482809841632843
0.05242272466421127
0.11997069418430328
0.025402497500181198
0.05075332149863243
0.050467349588871
0.15107958018779755
0.02436625026166439
0.2045251876115799
0.02441607229411602
0.07481607794761658
0.08734118193387985
0.024606432765722275
0.02454765886068344
0.17501020431518555
0.039430420845746994
0.057135842740535736
0.039042845368385315
0.12232349067926407
0.02486920915544033
0.047707103192806244
0.025505874305963516
0.11898252367973328
0.025697819888591766
0.03464999049901962
0.11789700388908386
0.1568436473608017
0.07220569252967834
0.14254571497440338
0.024726107716560364
0.17209051549434662
0.1197628602385521
0.22610555589199066
0.1428271383047104
0.045370012521743774
0.044775523245334625
0.027211597189307213
0.04354310408234596
0.09678936004638672
0.04224478080868721
0.02947954833507538
0.10954651236534119
0.03059985861182213
0.029117977246642113
0.12448945641517639
0.3563154935836792
0.02758629061281681
0.03438751772046089
0.02651398815214634
0.06608788669109344
0.025999341160058975
0.0363074392080307
0.039589665830135345
0.02603216841816902
0.039439454674720764
0.03539516404271126
0.034670110791921616
0.026745833456516266
0.15566259622573853
0.027146734297275543
0.03899369016289711
0.03889698162674904
0.07622232288122177
0.0385093092918396
0.08587027341127396
0.15529456734657288
0.08781985193490982
0.17183145880699158
0.0745992362499237
0.03849419951438904
0.1293972134590149
0.030382942408323288
0.027461685240268707
0.031419020146131516
0.0883278101682663
0.05880901217460632
0.20531027019023895
0.24416698515415192
0.14563457667827606
0.03207801282405853
0.0898856371641159
0.13002367317676544
0.03192823380231857
0.26444166898727417
0.14438726007938385
0.27355727553367615
0.0942176878452301
0.03224898502230644
0.07731033116579056
0.028840910643339157
0.031837813556194305
0.24844801425933838
0.08973388373851776
0.08919329941272736
0.04145341366529465
0.03218773379921913
0.08798340708017349
0.1730285882949829
0.058513108640909195
0.0805676057934761
0.11253541707992554
0.05607188865542412
0.07058582454919815
0.19488060474395752
0.04739570617675781
0.03960540145635605
0.09081333130598068
0.16024719178676605
0.12488807737827301
0.07245590537786484
0.02861270122230053
0.11754950881004333
0.2663942277431488
0.11094550788402557
0.06886453181505203
0.11897404491901398
0.17557185888290405
0.04878529906272888
0.06751810014247894
0.06661240756511688
0.22104717791080475
0.21258047223091125
0.2462814450263977
0.08056793361902237
0.18568141758441925
0.26336705684661865
0.1255938857793808
0.1453908085823059
0.07594575732946396
0.10430127382278442
0.0
0.10992171615362167
0.03698482736945152
0.0
0.19757933914661407
0.14445963501930237
0.07319030165672302
0.08581628650426865
0.08399603515863419
0.15030430257320404
0.07732601463794708
0.2407999485731125
0.0
0.0
0.16189710795879364
0.10407557338476181
0.279496431350708
0.0
0.0
0.24499253928661346
0.0
0.06551942229270935
0.0
0.08168818801641464
0.07262206822633743
0.09315066039562225
0.3285242021083832
0.07055003941059113
0.0
0.05034419894218445
0.14867888391017914
0.29269981384277344
0.05070892348885536
0.08782920986413956
0.04788880795240402
0.0
0.03446304798126221
0.12239072471857071
0.13450808823108673
0.07948318123817444
0.0315108522772789
0.031339433044195175
0.24858829379081726
0.04949605464935303
0.04498086869716644
0.14856037497520447
0.10914592444896698
0.1427801102399826
0.04508087784051895
0.030533747747540474
0.16446085274219513
0.04658779501914978
0.0932193472981453
0.17164963483810425
0.1300831437110901
0.04473422095179558
0.17471462488174438
0.051315464079380035
0.03085542842745781
0.03097844310104847
0.18619970977306366
0.030895931646227837
0.08152493834495544
0.16664443910121918
0.051681701093912125
0.22124366462230682
0.030754977837204933
0.03056066669523716
0.20572347939014435
0.1310061514377594
0.16807548701763153
0.044482823461294174
0.02909025363624096
0.06922943145036697
0.13132192194461823
0.06683573871850967
0.22506791353225708
0.050110362470149994
0.10304773598909378
0.08770664036273956
0.03994547203183174
0.27726420760154724
0.03120601363480091
0.03760197013616562
0.11169607192277908
0.1002335250377655
0.07224161922931671
0.08945038169622421
0.13127045333385468
0.08568338304758072
0.21193073689937592
0.03721718490123749
0.1321338713169098
0.03689265996217728
0.025159429758787155
0.10120289027690887
0.02590247429907322
0.039584748446941376
0.1797897219657898
0.09845581650733948
0.060183268040418625
0.02893993631005287
0.06852002441883087
0.05931784585118294
0.08862574398517609
0.03135289251804352
0.03262598067522049
0.1300445795059204
0.08592892438173294
0.03741907328367233
0.030514400452375412
0.062149833887815475
0.02855050005018711
0.1281260848045349
0.07094313949346542
0.05562228709459305
0.17419569194316864
0.07593747973442078
0.05128921940922737
0.0720728188753128
0.07496727257966995
0.04905831813812256
0.22572429478168488
0.18089088797569275
0.0525214783847332
0.022353805601596832
0.04895598441362381
0.04911315068602562
0.02343697100877762
0.040996335446834564
0.04075378552079201
0.21776969730854034
0.08814571052789688
0.08544967323541641
0.024551386013627052
0.05773283168673515
0.19884122908115387
0.08110322803258896
0.12055181711912155
0.0920996367931366
0.1293574571609497
0.030583452433347702
0.04097716882824898
0.031172962859272957
0.05984848365187645
0.030346782878041267
0.029479479417204857
0.050039421766996384
0.05908642336726189
0.11578939110040665
0.18196448683738708
0.12217027693986893
0.06699976325035095
0.0556977279484272
0.02630549483001232
0.1768050342798233
0.1256294846534729
0.049221716821193695
0.26253247261047363
0.15733453631401062
0.049123894423246384
0.06638846546411514
0.04075252637267113
0.09767809510231018
0.04075336083769798
0.031775087118148804
0.04854345694184303
0.02977088838815689
0.057195767760276794
0.23550626635551453
0.03778437152504921
0.09130862355232239
0.06996465474367142
0.028870100155472755
0.11376858502626419
0.037984900176525116
0.02697107009589672
0.09984245896339417
0.036638397723436356
0.023178456351161003
0.08151759952306747
0.021310849115252495
0.09703007340431213
0.0205942802131176
0.03613714873790741
0.0359606072306633
0.19611404836177826
0.035576969385147095
0.020414704456925392
0.02037440985441208
0.09576992690563202
0.08922358602285385
0.05331484228372574
0.021851958706974983
0.0653112530708313
0.02272217907011509
0.08772613853216171
0.07091392576694489
0.10333384573459625
0.024333305656909943
0.13218499720096588
0.04569876194000244
0.14758677780628204
0.028626026585698128
0.13554412126541138
0.0928802490234375
0.05327390134334564
0.20005455613136292
0.1099524199962616
0.04646944999694824
0.11924859881401062
0.13853512704372406
0.06025676801800728
0.17776140570640564
0.08683601021766663
0.0671287477016449
0.06508953869342804
0.04071291536092758
0.07328175008296967
0.06407470256090164
0.03510858863592148
0.040474921464920044
0.03306872397661209
0.06851257383823395
0.07366237044334412
0.0
0.02842792682349682
0.027369370684027672
0.10425925254821777
0.16438885033130646
0.02298027090728283
0.16419091820716858
0.051793571561574936
0.019415073096752167
0.050159405916929245
0.15191859006881714
0.017315013334155083
0.17793622612953186
0.016653871163725853
0.18040284514427185
0.016003059223294258
0.015667563304305077
0.11430057883262634
0.08644366264343262
0.10002071410417557
0.0370396226644516
0.015047302469611168
0.06661070138216019
0.19939996302127838
0.03879086673259735
0.01464094128459692
0.08903169631958008
0.05616893619298935
0.08861242234706879
0.014538970775902271
0.014519239775836468
0.014467601664364338
0.04222816601395607
0.014347449876368046
0.042358528822660446
0.014222213067114353
0.12875612080097198
0.014108791016042233
0.07201634347438812
0.06740086525678635
0.2155851572751999
0.07249856740236282
0.015304169617593288
0.015805408358573914
0.01618439517915249
0.036856383085250854
0.13715191185474396
0.036505911499261856
0.08986759930849075
0.07066845893859863
0.1416272222995758
0.015971019864082336
0.06505227833986282
0.015199419111013412
0.01492110826075077
0.014733420684933662
0.014621091075241566
0.04368913173675537
0.014555648900568485
0.10750842839479446
0.014573967084288597
0.13231100142002106
0.014704639092087746
0.01473996415734291
0.04388739541172981
0.20258240401744843
0.015224865637719631
0.057983361184597015
0.015632549300789833
0.06050923839211464
0.12804068624973297
0.0971694365143776
0.13247831165790558
0.014927858486771584
0.06387311220169067
0.014537699520587921
0.04703306779265404
0.10272824019193649
0.045434899628162384
0.06618452817201614
0.30147749185562134
0.014509357511997223
0.058794546872377396
0.04459671676158905
0.016817336902022362
0.03965134918689728
0.26552531123161316
0.06563983857631683
0.03197218105196953
0.15403443574905396
0.22494368255138397
0.1477849781513214
0.10871859639883041
0.04430818185210228
0.02246491238474846
0.1995975822210312
0.04828832298517227
0.046649269759655
0.04307519271969795
0.02465425804257393
0.08168832957744598
0.1383526474237442
0.06366553902626038
0.028486669063568115
0.07882527261972427
0.16717776656150818
0.04391709715127945
0.022040078416466713
0.02091366983950138
0.04337494447827339
0.06127127259969711
0.18660679459571838
0.2177225947380066
0.1621733456850052
0.08075086772441864
0.016656268388032913
0.052593618631362915
0.13012796640396118
0.017417537048459053
0.056766290217638016
0.05146069824695587
0.06897979974746704
0.0536670908331871
0.06452926993370056
0.21570169925689697
0.03549396991729736
0.03542609140276909
0.035412635654211044
0.022415392100811005
0.035450175404548645
0.03546258807182312
0.1302507370710373
0.02402925305068493
0.07350008934736252
0.02486548013985157
0.11984077095985413
0.04622580483555794
0.03593461588025093
0.24147027730941772
0.04573304206132889
0.06361810863018036
0.08013919740915298
0.06418628990650177
0.07779952138662338
0.12011297047138214
0.3284337520599365
0.19836550951004028
0.038365043699741364
0.07785577327013016
0.05975963547825813
0.0795280933380127
0.08293847739696503
0.06216946616768837
0.06477925926446915
0.07824955135583878
0.14013759791851044
0.06631042808294296
0.057671934366226196
0.148236483335495
0.06306017935276031
0.0724235251545906
0.19047299027442932
0.0
0.05239188298583031
0.07053099572658539
0.10828473418951035
0.05121356621384621
0.14629587531089783
0.095359668135643
0.0
0.05377812311053276
0.04982192441821098
0.07706871628761292
0.09562420099973679
0.05459029600024223
0.1392444372177124
0.047120820730924606
0.08616025000810623
0.04346682131290436
0.04072446748614311
0.2769441306591034
0.03442522883415222
0.056229595094919205
0.028728988021612167
0.05828416720032692
0.04551633447408676
0.023253493010997772
0.06144721433520317
0.05007951334118843
0.05045079067349434
0.1866123378276825
0.02089187689125538
0.021037859842181206
0.057318463921546936
0.020723147317767143
0.05545796453952789
0.019819030538201332
0.051495738327503204
0.018971918150782585
0.018617965281009674
0.05370533466339111
0.018060017377138138
0.14344076812267303
0.017738083377480507
0.055181652307510376
0.017573099583387375
0.01748882234096527
0.05468162149190903
0.1878725290298462
0.017432870343327522
0.017445504665374756
0.03536191210150719
0.01735658012330532
0.035020243376493454
0.05548807978630066
0.03456580638885498
0.017234183847904205
0.05877934396266937
0.05640988051891327
0.01702263206243515
0.01691330224275589
0.2795048952102661
0.03368142247200012
0.04881104826927185
0.13717544078826904
0.05372251197695732
0.032705679535865784
0.24929437041282654
0.07301678508520126
0.07025966793298721
0.06860032677650452
0.06675134599208832
0.05650334805250168
0.03351600095629692
0.10936103016138077
0.060514479875564575
0.2368888258934021
0.06792052090167999
0.14296755194664001
0.04732149466872215
0.03341272845864296
0.04606124013662338
0.3005567491054535
0.029125478118658066
0.03654414042830467
0.06546325981616974
0.024791326373815536
0.023781459778547287
0.04773396998643875
0.09876841306686401
0.12926945090293884
0.03525133058428764
0.054600562900304794
0.14740051329135895
0.06268620491027832
0.02160385437309742
0.021227505058050156
0.0588066466152668
0.0567370168864727
0.08449550718069077
0.08549774438142776
0.0832897201180458
0.020614588633179665
0.03670729696750641
0.021071257069706917
0.09453335404396057
0.08140921592712402
0.05910748988389969
0.05228228121995926
0.022193429991602898
0.0361008495092392
0.1481008678674698
0.0461464487016201
0.05952116474509239
0.04929912090301514
0.04355473443865776
0.02179752103984356
0.02169620804488659
0.07936868816614151
0.058009810745716095
0.06021173298358917
0.081078439950943
0.04105633869767189
0.021815327927470207
0.13518266379833221
0.1647404432296753
0.08101297169923782
0.03925052285194397
0.021962560713291168
0.021986406296491623
0.021921880543231964
0.03811341151595116
0.062481336295604706
0.037294548004865646
0.03759226202964783
0.04331475868821144
0.022002913057804108
0.021920299157500267
0.09294825792312622
0.0683351382613182
0.021818391978740692
0.09804783761501312
0.021738223731517792
0.07013963907957077
0.10596033930778503
0.11500340700149536
0.07553780823945999
0.020717741921544075
0.020730802789330482
0.11581951379776001
0.21094651520252228
0.03442750498652458
0.020748596638441086
0.03707876801490784
0.049940429627895355
0.021061785519123077
0.020729076117277145
0.08157068490982056
0.0199417807161808
0.03756597638130188
0.11146238446235657
0.01912599615752697
0.03760503977537155
0.04886199161410332
0.03592641279101372
0.20105203986167908
0.1380796879529953
0.03628736361861229
0.01860802248120308
0.01884191483259201
0.01888294890522957
0.048763956874608994
0.1369156688451767
0.03650331497192383
0.036543335765600204
0.14643780887126923
0.08233939856290817
0.03478746488690376
0.019691046327352524
0.13089528679847717
0.020420296117663383
0.1493747979402542
0.020329894497990608
0.03328391909599304
0.03326679393649101
0.07884038239717484
0.11328602582216263
0.03240518644452095
0.031286559998989105
0.022143611684441566
0.022832276299595833
0.02317717857658863
0.09774769842624664
0.022608213126659393
0.021874839439988136
0.038020722568035126
0.1859273910522461
0.09943915158510208
0.019877657294273376
0.14531761407852173
0.03607763350009918
0.03701447322964668
0.04161548241972923
0.2526422441005707
0.01959151402115822
0.05977213382720947
0.03436173498630524
0.03339291736483574
0.021118776872754097
0.0
0.03815923258662224
0.029702195897698402
0.06493930518627167
0.023745527490973473
0.023918695747852325
0.02786523848772049
0.037054404616355896
0.09069903194904327
0.026168199256062508
0.18794210255146027
0.02708519995212555
0.02431892231106758
0.23541632294654846
0.023492464795708656
0.23668800294399261
0.09457232803106308
0.021023642271757126
0.020131826400756836
0.20360754430294037
0.01883903332054615
0.05762650817632675
0.018498431891202927
0.2166215181350708
0.090126171708107
0.019726788625121117
0.02030756324529648
0.020771782845258713
0.021065182983875275
0.06896644085645676
0.16022858023643494
0.2362072914838791
0.0446043461561203
0.2085634469985962
0.11670494079589844
0.044687069952487946
0.0714210495352745
0.1499023139476776
0.08749666064977646
0.2101476788520813
0.06930629909038544
0.0
0.07849827408790588
0.2335037738084793
0.10391034185886383
0.21622370183467865
0.2562194764614105
0.14041602611541748
0.11692170053720474
0.2605562210083008
0.0
0.0
0.16364771127700806
0.12494193017482758
0.0
0.0785423219203949
0.08800768107175827
0.19571830332279205
0.12485576421022415
0.0
0.22864852845668793
0.09996132552623749
0.25616979598999023
0.19012337923049927
0.1007530614733696
0.0719938576221466
0.09909798949956894
0.09725888073444366
0.1402917504310608
0.2075725793838501
0.08008918911218643
0.02776835486292839
0.06471654772758484
0.060837578028440475
0.2900906503200531
0.020788734778761864
0.22395311295986176
0.019002027809619904
0.01835465058684349
0.01787266694009304
0.17730054259300232
0.048780642449855804
0.05187065154314041
0.017482824623584747
0.061797067523002625
0.25215622782707214
0.017857162281870842
0.10875456780195236
0.017786957323551178
0.14249016344547272
0.08122995495796204
0.26210182905197144
0.017452258616685867
0.07627422362565994
0.017185986042022705
0.01708730310201645
0.050328582525253296
0.017034251242876053
0.01709797978401184
0.01719042658805847
0.01728145405650139
0.017349325120449066
0.017376812174916267
0.044540468603372574
0.0669068768620491
0.017627675086259842
0.1066557765007019
0.13654103875160217
0.10168256610631943
0.06219691410660744
0.017488280311226845
0.017163055017590523
0.0705108642578125
0.19220586121082306
0.016103554517030716
0.015892479568719864
0.16330726444721222
0.28310737013816833
0.10630930215120316
0.11823127418756485
0.017177261412143707
0.017721891403198242
0.04116116464138031
0.16434131562709808
0.020125942304730415
0.033324841409921646
0.02232082560658455
0.02899796888232231
0.03650966286659241
0.02515324577689171
0.037054914981126785
0.1368492841720581
0.037994518876075745
0.019994985312223434
0.053005434572696686
0.01829313486814499
0.11412187665700912
0.05481688678264618
0.016821620985865593
0.01655264012515545
0.016337279230356216
0.17736265063285828
0.039864394813776016
0.016758138313889503
0.03722766786813736
0.06595251709222794
0.051759272813797
0.20930008590221405
0.035083021968603134
0.05637943744659424
0.10294468700885773
0.05268123000860214
0.06744593381881714
0.04729734733700752
0.0
0.07929763942956924
0.16162368655204773
0.17650854587554932
0.08227737247943878
0.16655562818050385
0.207130566239357
0.16881096363067627
0.07188045233488083
0.09434307366609573
0.059472452849149704
0.0624639168381691
0.056322213262319565
0.05149507150053978
0.06240631639957428
0.0684071034193039
0.07319602370262146
0.03276006877422333
0.08078310638666153
0.043519169092178345
0.12499813735485077
0.02543826401233673
0.08041300624608994
0.061573926359415054
0.13093174993991852
0.1032182052731514
0.033710677176713943
0.061649713665246964
0.04542519524693489
0.022030308842658997
0.0733719989657402
0.03393249586224556
0.09652712941169739
0.02279011718928814
0.05822967365384102
0.08089541643857956
0.03471999242901802
0.1565062552690506
0.034885793924331665
0.11951377242803574
0.03493155539035797
0.06949907541275024
0.02331976406276226
0.08906378597021103
0.07774940133094788
0.05268913134932518
0.03660672530531883
0.03729637712240219
0.07581125199794769
0.05149570852518082
0.09701976925134659
0.03619799762964249
0.1765853464603424
0.040666528046131134
0.09939581900835037
0.047961052507162094
0.0901120975613594
0.16157370805740356
0.04721476137638092
0.083031564950943
0.11055172979831696
0.05477903410792351
0.10381842404603958
0.07021459937095642
0.08876930177211761
0.06764659285545349
0.06611252576112747
0.07451315969228745
0.0816933661699295
0.0
0.06754745543003082
0.08479800075292587
0.0
0.0
0.08095112442970276
0.08042740821838379
0.0
0.08805353939533234
0.06816933304071426
0.0
0.0706709697842598
0.06267979741096497
0.06053007021546364
0.17031028866767883
0.06841904670000076
0.07123098522424698
0.07873177528381348
0.16742099821567535
0.08428877592086792
0.04547614976763725
0.06811604648828506
0.04752887785434723
0.07679364085197449
0.05716308578848839
0.03953682258725166
0.060665711760520935
0.13590776920318604
0.045168377459049225
0.03427092358469963
0.10494888573884964
0.030081141740083694
0.11404141783714294
0.03642813861370087
0.03623944893479347
0.021319610998034477
0.036865655332803726
0.0543823279440403
0.06699969619512558
0.05645254999399185
0.015712914988398552
0.015126998536288738
0.03829449042677879
0.014217023737728596
0.013844703324139118
0.013483609072864056
0.013141653500497341
0.09159000217914581
0.012617390602827072
0.012441132217645645
0.012286770157516003
0.12007485330104828
0.047947026789188385
0.012274960055947304
0.012446574866771698
0.04305325075984001
0.013011290691792965
0.07134847342967987
0.014119373634457588
0.03589257225394249
0.01564059406518936
0.1389019638299942
0.017312098294496536
0.033501997590065
0.01878184638917446
0.02900552935898304
0.01992233283817768
0.02779943309724331
0.020939355716109276
0.021092204377055168
0.07090450078248978
0.055690884590148926
0.028772735968232155
0.11597387492656708
0.018664812669157982
0.017969239503145218
0.16028982400894165
0.05626516044139862
0.0293743796646595
0.02790933847427368
0.03302450105547905
0.023359980434179306
0.16940166056156158
0.023934783414006233
0.03346564248204231
0.07949128746986389
0.022341690957546234
0.11944389343261719
0.019868183881044388
0.036117326468229294
0.14087454974651337
0.01728975586593151
0.03801807016134262
0.08127541840076447
0.04296080023050308
0.1262028068304062
0.2733231484889984
0.01760990545153618
0.06504688411951065
0.14722014963626862
0.018373411148786545
0.0182685237377882
0.051781825721263885
0.09224969893693924
0.05097261816263199
0.03469096124172211
0.03449799492955208
0.02087550424039364
0.10286621004343033
0.080898217856884
0.0242379792034626
0.026490451768040657
0.027866236865520477
0.01983550563454628
0.029816167429089546
0.03417741134762764
0.10588524490594864
0.03117959201335907
0.08807297796010971
0.017609193921089172
0.16887091100215912
0.033027101308107376
0.01671750098466873
0.0699545368552208
0.03604896366596222
0.035142138600349426
0.11950009316205978
0.10834445804357529
0.11928408592939377
0.01602337323129177
0.07807625085115433
0.015493610873818398
0.03887322545051575
0.015074494294822216
0.014931106939911842
0.014714837074279785
0.1276698261499405
0.11718297004699707
0.014098706655204296
0.013894647359848022
0.01368098147213459
0.0474989227950573
0.1676454395055771
0.013203561305999756
0.04670526832342148
0.06898898631334305
0.013064868748188019
0.013005825690925121
0.012908426113426685
0.012777038849890232
0.0867936834692955
0.012496023438870907
0.012361565604805946
0.012208469212055206
0.012039793655276299
0.08967628329992294
0.0924466997385025
0.047577790915966034
0.046391379088163376
0.05074553191661835
0.012309981510043144
0.043059684336185455
0.012763405218720436
0.1255759745836258
0.013201260939240456
0.2741767168045044
0.01320358831435442
0.013023673556745052
0.012781773693859577
0.012495778501033783
0.04642493650317192
0.012124027125537395
0.012014908716082573
0.01186140812933445
0.10079925507307053
0.011537883430719376
0.011366283521056175
0.01116804126650095
0.010954798199236393
0.12497648596763611
0.20659932494163513
0.010548746213316917
0.052589863538742065
0.010607503354549408
0.17102541029453278
0.011030564084649086
0.011370017193257809
0.01165979728102684
0.011864355765283108
0.011967564933001995
0.011967072263360023
0.09148266166448593
0.09055689722299576
0.011934958398342133
0.01190224289894104
0.042216621339321136
0.042642462998628616
0.041447993367910385
0.10217957198619843
0.0736939087510109
0.014160670340061188
0.1087389588356018
0.03452398627996445
0.016960563138127327
0.017936617136001587
0.018452957272529602
0.035189852118492126
0.018658708781003952
0.01835639402270317
0.01764947921037674
0.016641972586512566
0.01546220201998949
0.03651232272386551
0.100840263068676
0.03727669641375542
0.03636796772480011
0.014021792449057102
0.014226269908249378
0.035082846879959106
0.06779646128416061
0.03406957536935806
0.015640826895833015
0.08549267798662186
0.032039571553468704
0.016045432537794113
0.031537946313619614
0.016386250033974648
0.030735662207007408
0.016888080164790154
0.09215638786554337
0.016705812886357307
0.01607482135295868
0.015150901861488819
0.03352673724293709
0.01362185925245285
0.034902963787317276
0.012656415812671185
0.035664189606904984
0.011980417184531689
0.09272407740354538
0.06650383770465851
0.037923891097307205
0.011907492764294147
0.10107060521841049
0.03468460217118263
0.10428797453641891
0.014244339428842068
0.014709191396832466
0.03292561694979668
0.1167726144194603
0.03145219385623932
0.030988698825240135
0.029891718178987503
0.14525067806243896
0.06304413080215454
0.02207024022936821
0.023346060886979103
0.07046091556549072
0.07286425679922104
0.01875724084675312
0.017371447756886482
0.016311142593622208
0.01558941975235939
0.05609746277332306
0.015097244642674923
0.13679055869579315
0.1887712925672531
0.06468986719846725
0.21430322527885437
0.01647956855595112
0.07573312520980835
0.10748609900474548
0.01735752262175083
0.01750290021300316
0.017482466995716095
0.01731608249247074
0.03745298087596893
0.016883324831724167
0.3630813658237457
0.12982487678527832
0.015219433233141899
0.04537241533398628
0.053056683391332626
0.015843121334910393
0.017006101086735725
0.12885643541812897
0.018889809027314186
0.12518028914928436
0.034177154302597046
0.07052303105592728
0.031061680987477303
0.029675262048840523
0.03444589674472809
0.021582243964076042
0.03424663841724396
0.1119602620601654
0.02325679361820221
0.08718977868556976
0.021916622295975685
0.024481378495693207
0.024939944967627525
0.024913763627409935
0.08336412161588669
0.02478862553834915
0.02461426518857479
0.024024464190006256
0.06065283343195915
0.022076601162552834
0.025319533422589302
0.020279211923480034
0.019523687660694122
0.018668614327907562
0.06771058589220047
0.054211877286434174
0.01683027483522892
0.19022858142852783
0.016041306778788567
0.1465875655412674
0.015602152794599533
0.054533857852220535
0.04447534680366516
0.014997433871030807
0.04469471052289009
0.015032593160867691
0.0442378893494606
0.01547859888523817
0.042252637445926666
0.12358153611421585
0.016740301623940468
0.12098271399736404
0.016885066404938698
0.01665315590798855
0.01630280166864395
0.12076856940984726
0.015400821343064308
0.014939826913177967
0.04804946109652519
0.014480995945632458
0.04801300913095474
0.014715027995407581
0.043295688927173615
0.015756383538246155
0.016435982659459114
0.04000670835375786
0.01763192191720009
0.01806626468896866
0.01822276972234249
0.0299917571246624
0.08895202726125717
0.018268633633852005
0.2653563618659973
0.03180376812815666
0.03908037766814232
0.01694188266992569
0.016834760084748268
0.03928963840007782
0.016478264704346657
0.1176379844546318
0.015799688175320625
0.09293147176504135
0.04053087159991264
0.056542351841926575
0.014766297303140163
0.014448852278292179
0.04476163536310196
0.014168823137879372
0.04429670423269272
0.0970168337225914
0.04121926799416542
0.014855538494884968
0.015191266313195229
0.03864229470491409
0.14091895520687103
0.0724250003695488
0.08015502989292145
0.1506003588438034
0.13800092041492462
0.017485421150922775
0.029207203537225723
0.01757795736193657
0.061511602252721786
0.017541935667395592
0.017278894782066345
0.030712740495800972
0.016941579058766365
0.01681627333164215
0.016534319147467613
0.01612372323870659
0.06974880397319794
0.0806536078453064
0.014809349551796913
0.04057516157627106
0.05591394379734993
0.08636321127414703
0.044354237616062164
0.01303363312035799
0.046651676297187805
0.05303913727402687
0.1335776448249817
0.05495607480406761
0.04248650372028351
0.07170505821704865
0.01399968657642603
0.01461432222276926
0.06289639323949814
0.015387438237667084
0.03340481221675873
0.01564706675708294
0.036055635660886765
0.03057241626083851
0.01696281135082245
0.02730075642466545
0.01845194213092327
0.019142422825098038
0.01949905790388584
0.10814236849546432
0.05738566443324089
0.018687671050429344
0.06152919679880142
0.09015778452157974
0.017865605652332306
0.07445130497217178
0.05103250592947006
0.03547336906194687
0.04888037219643593
0.04735876992344856
0.12592704594135284
0.017908092588186264
0.017750371247529984
0.01727702096104622
0.016567287966609
0.12873448431491852
0.041662391275167465
0.014902635477483273
0.13675755262374878
0.014159205369651318
0.04535582661628723
0.045504502952098846
0.044499803334474564
0.01464535016566515
0.03861911594867706
0.16070465743541718
0.016973594203591347
0.017286863178014755
0.017268138006329536
0.09254251420497894
0.01667116768658161
0.12723895907402039
0.016148455440998077
0.08388734608888626
0.015287968330085278
0.014584815129637718
0.01385467778891325
0.04653783142566681
0.13829906284809113
0.012495964765548706
0.01203598640859127
0.12247557938098907
0.043978020548820496
0.04423369839787483
0.011499378830194473
0.011663542129099369
0.13923034071922302
0.012264030985534191
0.012673679739236832
0.0710088461637497
0.07704230397939682
0.05570782721042633
0.014507678337395191
0.014881222508847713
0.15473732352256775
0.06118221580982208
0.014867693185806274
0.28991928696632385
0.07425722479820251
0.05786735936999321
0.05511479079723358
0.265778124332428
0.06944209337234497
0.03911967575550079
0.07100014388561249
0.012824163772165775
0.041597139090299606
0.0629204660654068
0.08766493946313858
0.01308587659150362
0.013223674148321152
0.04802227392792702
0.09616964310407639
0.09405255317687988
0.013329524546861649
0.013431794941425323
0.05505291372537613
0.04383368417620659
0.1398017406463623
0.015827763825654984
0.08147314190864563
0.15425251424312592
0.04523085430264473
0.03019806556403637
0.09806037694215775
0.052758459001779556
0.12518177926540375
0.022618912160396576
0.021003656089305878
0.043235279619693756
0.029091011732816696
0.11248371750116348
0.08137477934360504
0.03374272584915161
0.01477353647351265
0.014349612407386303
0.01388702541589737
0.04812474176287651
0.013147166930139065
0.15336428582668304
0.039292559027671814
0.013150805607438087
0.04762621223926544
0.0369635671377182
0.10294805467128754
0.014704789966344833
0.033354803919792175
0.1079176589846611
0.01635979861021042
0.01655912771821022
0.09703952819108963
0.031224923208355904
0.08104222267866135
0.030956720933318138
0.016901912167668343
0.043195877224206924
0.042829565703868866
0.05251947417855263
0.11974044889211655
0.061181921511888504
0.028378909453749657
0.08069868385791779
0.03980179503560066
0.022581174969673157
0.023518450558185577
0.02387789450585842
0.07822183519601822
0.023928159847855568
0.048346709460020065
0.02184784971177578
0.07224011421203613
0.13169117271900177
0.019182071089744568
0.03985579311847687
0.017771081998944283
0.04034129157662392
0.016459694132208824
0.1386803537607193
0.035252708941698074
0.01530760619789362
0.015062659978866577
0.014652605168521404
0.166584774851799
0.013806739822030067
0.013397417962551117
0.1190854012966156
0.012598765082657337
0.0122312530875206
0.050458427518606186
0.011415214277803898
0.18504644930362701
0.010737733915448189
0.010520701296627522
0.04219942167401314
0.040554407984018326
0.01039945613592863
0.037281583994627
0.010859007015824318
0.07494740188121796
0.011833207681775093
0.032458435744047165
0.013173658400774002
0.09995930641889572
0.015162280760705471
0.07433260977268219
0.01764160580933094
0.01857846789062023
0.12591911852359772
0.19945688545703888
0.03285343945026398
0.3337068557739258
0.04766559600830078
0.16817589104175568
0.07691790908575058
0.04945649579167366
0.20536907017230988
0.0
0.06267250329256058
0.09818089753389359
0.0
0.0
0.18257568776607513
0.08902771770954132
0.0
0.07057485729455948
0.06721732020378113
0.0
0.09803247451782227
0.08076399564743042
0.07916069775819778
0.05582785978913307
0.05273088440299034
0.05674954503774643
0.06589145213365555
0.16560086607933044
0.10101953148841858
0.042146578431129456
0.10563765466213226
0.08506131172180176
0.07394463568925858
0.03328293561935425
0.046027861535549164
0.07514806091785431
0.040353741496801376
0.050873275846242905
0.03426060080528259
0.07233862578868866
0.028200624510645866
0.06625470519065857
0.06122970208525658
0.0447499081492424
0.1276080310344696
0.044543419033288956
0.028288135305047035
0.027646280825138092
0.026472562924027443
0.03814362362027168
0.07194755226373672
0.08614208549261093
0.06756547093391418
0.0755210742354393
0.03785919025540352
0.029468074440956116
0.02028883621096611
0.0289626345038414
0.028719384223222733
0.01779574528336525
0.058865517377853394
0.015994273126125336
0.02844245918095112
0.028592243790626526
0.013761165551841259
0.060103755444288254
0.013019192963838577
0.01280128862708807
0.012491128407418728
0.012113161385059357
0.1186227798461914
0.06274113059043884
0.01050439104437828
0.010043686255812645
0.03459830582141876
