[0. 0. 0. 0. 0. 0. 0. 0. 0. 0. 0. 0. 0. 0. 0. 0. 0. 0. 0. 0. 0. 0. 0. 0.
 0. 0. 0. 0. 0. 0. 0. 0. 0. 0. 0. 0. 0. 0. 0. 0. 0. 0. 0. 0. 0. 0. 0. 0.
 0. 0.]
[0. 0. 0. 0. 0. 0. 0. 0. 0. 0. 0. 0. 0. 0. 0. 0. 0. 0. 0. 0. 0. 0. 0. 0.
 0. 0. 0. 0. 0. 0. 0. 0. 0. 0. 0. 0. 0. 0. 0. 0. 0. 0. 0. 0. 0. 0. 0. 0.
 0. 0.]
[0. 0. 0. 0. 0. 0. 0. 0. 0. 0. 0. 0. 0. 0. 0. 0. 0. 0. 0. 0. 0. 0. 0. 0.
 0. 0. 0. 0. 0. 0. 0. 0. 0. 0. 0. 0. 0. 0. 0. 0. 0. 0. 0. 0. 0. 0. 0. 0.
 0. 0.]
[0. 0. 0. 0. 0. 0. 0. 0. 0. 0. 0. 0. 0. 0. 0. 0. 0. 0. 0. 0. 0. 0. 0. 0.
 0. 0. 0. 0. 0. 0. 0. 0. 0. 0. 0. 0. 0. 0. 0. 0. 0. 0. 0. 0. 0. 0. 0. 0.
 0. 0.]
[0. 0. 0. 0. 0. 0. 0. 0. 0. 0. 0. 0. 0. 0. 0. 0. 0. 0. 0. 0. 0. 0. 0. 0.
 0. 0. 0. 0. 0. 0. 0. 0. 0. 0. 0. 0. 0. 0. 0. 0. 0. 0. 0. 0. 0. 0. 0. 0.
 0. 0.]
[0. 0. 0. 0. 0. 0. 0. 0. 0. 0. 0. 0. 0. 0. 0. 0. 0. 0. 0. 0. 0. 0. 0. 0.
 0. 0. 0. 0. 0. 0. 0. 0. 0. 0. 0. 0. 0. 0. 0. 0. 0. 0. 0. 0. 0. 0. 0. 0.
 0. 0.]
[0.6872996  0.69424202 0.70125457 0.70833795 0.71549288 0.72272008
 0.73002028 0.73739422 0.74484265 0.75236631 0.75996597 0.7676424
 0.77539636 0.78322865 0.79114005 0.79913136 0.80720339 0.81535696
 0.82359289 0.83191201 0.84031517 0.8488032  0.85737697 0.86603734
 0.87478519 0.88362141 0.89254688 0.9015625 ]
[0.84587431 0.8544185  0.86304899 0.87176665 0.88057238 0.88946705
 0.89845156 0.90752683 0.91669377 0.9259533  0.93530637 0.94475391
 0.95429688]
[0.73681124 0.74425378 0.75177149 0.75936515 0.7670355  0.77478333
 0.78260943 0.79051457 0.79849957 0.80656522 0.81471234 0.82294176
 0.83125431 0.83965081 0.84813214 0.85669913 0.86535265 0.87409359
 0.88292282 0.89184123 0.90084973 0.90994922 0.91914063]
[0.84587431 0.8544185  0.86304899 0.87176665 0.88057238 0.88946705
 0.89845156 0.90752683 0.91669377 0.9259533  0.93530637 0.94475391
 0.95429688]
[0.58896996 0.59491915 0.60092844 0.60699842 0.61312972 0.61932295
 0.62557874 0.63189771 0.63828052 0.6447278  0.6512402  0.65781838
 0.66446301 0.67117476 0.6779543  0.68480233 0.69171952 0.69870659
 0.70576423 0.71289316 0.7200941  0.72736778 0.73471493 0.74213629
 0.74963262 0.75720466 0.7648532  0.77257899 0.78038281 0.78826547
 0.79622775 0.80427045 0.81239439 0.8206004  0.82888929 0.83726191
 0.8457191  0.85426172 0.86289063]
[0.85756617 0.86622846 0.87497824 0.8838164  0.89274384 0.90176146
 0.91087016 0.92007087 0.92936451 0.93875203 0.94823437 0.9578125 ]
[0.85756617 0.86622846 0.87497824 0.8838164  0.89274384 0.90176146
 0.91087016 0.92007087 0.92936451 0.93875203 0.94823437 0.9578125 ]
[0.83433054 0.84275812 0.85127082 0.85986952 0.86855507 0.87732835
 0.88619026 0.89514167 0.90418351 0.91331668 0.9225421  0.9318607
 0.94127344 0.95078125]
[0.82293305 0.8312455  0.83964192 0.84812315 0.85669005 0.86534349
 0.87408433 0.88291346 0.89183178 0.90084018 0.90993958 0.91913089
 0.92841504 0.93779297 0.94726562]
[0.86940792 0.87818982 0.88706043 0.89602063 0.90507135 0.91421348
 0.92344796 0.93277572 0.9421977  0.95171484 0.96132812]
[0.86940792 0.87818982 0.88706043 0.89602063 0.90507135 0.91421348
 0.92344796 0.93277572 0.9421977  0.95171484 0.96132812]
[0.7575224  0.76517414 0.77290318 0.78071028 0.78859624 0.79656186
 0.80460794 0.81273529 0.82094474 0.82923711 0.83761324 0.84607398
 0.85462018 0.86325271 0.87197244 0.88078024 0.88967701 0.89866364
 0.90774105 0.91691016 0.92617187]
[0.86940792 0.87818982 0.88706043 0.89602063 0.90507135 0.91421348
 0.92344796 0.93277572 0.9421977  0.95171484 0.96132812]
[0.74710048 0.75464695 0.76226964 0.76996934 0.77774681 0.78560283
 0.79353822 0.80155375 0.80965026 0.81782854 0.82608944 0.83443377
 0.8428624  0.85137616 0.85997592 0.86866254 0.87743691 0.88629991
 0.89525244 0.90429539 0.91342969 0.92265625]
[0.86940792 0.87818982 0.88706043 0.89602063 0.90507135 0.91421348
 0.92344796 0.93277572 0.9421977  0.95171484 0.96132812]
[0. 0. 0. 0. 0. 0. 0. 0. 0. 0. 0. 0. 0. 0. 0. 0. 0. 0. 0. 0. 0. 0. 0. 0.
 0. 0. 0. 0. 0. 0. 0. 0. 0. 0. 0. 0. 0. 0. 0. 0. 0. 0. 0. 0. 0. 0. 0. 0.
 0. 0.]
[0.72665308 0.73399301 0.74140708 0.74889604 0.75646065 0.76410166
 0.77181986 0.77961602 0.78749093 0.79544538 0.80348019 0.81159615
 0.81979409 0.82807484 0.83643923 0.84488811 0.85342233 0.86204276
 0.87075026 0.87954572 0.88843002 0.89740406 0.90646875 0.915625  ]
[0.88140141 0.89030445 0.89929743 0.90838124 0.91755681 0.92682506
 0.93618693 0.94564336 0.95519531 0.96484375]
[0.90585101 0.91500102 0.92424345 0.93357925 0.94300934 0.95253469
 0.96215625 0.971875  ]
[0.83433054 0.84275812 0.85127082 0.85986952 0.86855507 0.87732835
 0.88619026 0.89514167 0.90418351 0.91331668 0.9225421  0.9318607
 0.94127344 0.95078125]
[0.83433054 0.84275812 0.85127082 0.85986952 0.86855507 0.87732835
 0.88619026 0.89514167 0.90418351 0.91331668 0.9225421  0.9318607
 0.94127344 0.95078125]
[0.90585101 0.91500102 0.92424345 0.93357925 0.94300934 0.95253469
 0.96215625 0.971875  ]
[0.84587431 0.8544185  0.86304899 0.87176665 0.88057238 0.88946705
 0.89845156 0.90752683 0.91669377 0.9259533  0.93530637 0.94475391
 0.95429688]
[0.80056987 0.80865643 0.81682468 0.82507543 0.83340953 0.8418278
 0.85033112 0.85892032 0.86759628 0.87635988 0.885212   0.89415354
 0.90318539 0.91230847 0.92152371 0.93083203 0.94023437]
[0.7575224  0.76517414 0.77290318 0.78071028 0.78859624 0.79656186
 0.80460794 0.81273529 0.82094474 0.82923711 0.83761324 0.84607398
 0.85462018 0.86325271 0.87197244 0.88078024 0.88967701 0.89866364
 0.90774105 0.91691016 0.92617187]
[0.7575224  0.76517414 0.77290318 0.78071028 0.78859624 0.79656186
 0.80460794 0.81273529 0.82094474 0.82923711 0.83761324 0.84607398
 0.85462018 0.86325271 0.87197244 0.88078024 0.88967701 0.89866364
 0.90774105 0.91691016 0.92617187]
[0.78960069 0.79757646 0.80563279 0.81377049 0.8219904  0.83029333
 0.83868013 0.84715165 0.85570873 0.86435226 0.87308309 0.88190211
 0.89081021 0.89980829 0.90889727 0.91807805 0.92735156 0.93671875]
[0.81168007 0.81987886 0.82816047 0.83652572 0.84497548 0.85351058
 0.8621319  0.87084031 0.87963667 0.88852189 0.89749686 0.90656248
 0.91571968 0.92496937 0.9343125  0.94375   ]
[0.83433054 0.84275812 0.85127082 0.85986952 0.86855507 0.87732835
 0.88619026 0.89514167 0.90418351 0.91331668 0.9225421  0.9318607
 0.94127344 0.95078125]
[0.84587431 0.8544185  0.86304899 0.87176665 0.88057238 0.88946705
 0.89845156 0.90752683 0.91669377 0.9259533  0.93530637 0.94475391
 0.95429688]
[0.81168007 0.81987886 0.82816047 0.83652572 0.84497548 0.85351058
 0.8621319  0.87084031 0.87963667 0.88852189 0.89749686 0.90656248
 0.91571968 0.92496937 0.9343125  0.94375   ]
[0.83433054 0.84275812 0.85127082 0.85986952 0.86855507 0.87732835
 0.88619026 0.89514167 0.90418351 0.91331668 0.9225421  0.9318607
 0.94127344 0.95078125]
[0.78960069 0.79757646 0.80563279 0.81377049 0.8219904  0.83029333
 0.83868013 0.84715165 0.85570873 0.86435226 0.87308309 0.88190211
 0.89081021 0.89980829 0.90889727 0.91807805 0.92735156 0.93671875]
[0.90585101 0.91500102 0.92424345 0.93357925 0.94300934 0.95253469
 0.96215625 0.971875  ]
[0.83433054 0.84275812 0.85127082 0.85986952 0.86855507 0.87732835
 0.88619026 0.89514167 0.90418351 0.91331668 0.9225421  0.9318607
 0.94127344 0.95078125]
[0.74710048 0.75464695 0.76226964 0.76996934 0.77774681 0.78560283
 0.79353822 0.80155375 0.80965026 0.81782854 0.82608944 0.83443377
 0.8428624  0.85137616 0.85997592 0.86866254 0.87743691 0.88629991
 0.89525244 0.90429539 0.91342969 0.92265625]
