0.0
0.0
0.0
0.0
0.0
0.014037750624629738
0.43773176349727955
0.6920934936674044
0.7631511207301175
0.8144685751564748
0.8577611498960312
0.8461800607884622
0.8478090992250062
0.8804975663762126
0.854596550284071
0.8994732567597471
0.802727860952094
0.8561077259918255
0.8744612120488234
0.8668243497221019
0.0
0.0
0.0
0.008761670533075694
0.6660359291918418
0.8905264403856192
0.8354508027100306
0.9017147472471342
0.9022722620884528
0.9082241648226044
0.9083194084337758
0.8826954762444231
0.9038452766276673
0.9187365052128286
0.9031166277175968
0.9251501363192165
0.9030925659192087
0.8728913990757454
0.9185998562355162
0.9249565731814023
