0.0
0.0
0.0
0.0
0.0
0.0
0.0
0.0
0.0
0.0
0.0
0.0
0.0
0.0
0.0
0.0
0.0
0.0
0.0
0.0
0.0
0.0
0.0
0.0
0.0
0.0
0.0
0.0
0.0
0.0
0.0
0.0
0.0
0.0
0.0
0.0
0.0
0.0
0.0
0.0
0.0
0.0
0.0
0.0
0.0
0.0
0.0
0.0
0.0
0.0
0.0
0.0
0.0
0.0
0.0
0.0
0.0
0.0
0.0
0.0
0.0
0.0
0.0
0.0
0.0
0.0
0.0
0.0
0.0
0.0
0.0
0.0
0.0
0.0
0.0
0.0
0.0
0.0
0.0
0.0
0.0
0.0
0.0
0.0
0.0
0.0
0.0
0.0
0.0
0.0
0.0
0.0
0.0
0.0
0.0
0.0
0.0
0.0
0.0
0.0
0.0
0.0
0.0
0.0
0.0
0.0
0.0
0.0
0.0
0.0
0.0
0.0
0.0
0.0
0.0
0.0
0.0
0.0
0.0
0.0
0.0
0.0
0.0
0.0
0.0
0.0
0.0
0.0
0.0
0.0
0.0
0.0
0.0
0.0
0.0
0.0
0.0
0.0
0.0
0.0
0.0
0.0
0.0
0.0
0.0
0.0
0.0
0.0
0.0
0.0
0.0
0.0
0.0
0.0
0.0
0.0
0.0
0.0
0.0
0.0
0.0
0.0
0.0
0.0
0.0
0.0
0.0
0.0
0.0
0.0
0.0
0.0
0.0
0.0
0.0
0.0
0.0
0.0
0.0
0.0
0.0
0.0
0.0
0.0
0.0
0.0
0.0
0.0
0.0
0.0
0.0
0.0
0.0
0.0
0.0
0.0
0.0
0.0
0.0
0.0
0.0
0.0
0.0
0.0
0.0
0.0
0.0
0.0
0.0
0.0
0.0
0.0
0.0
0.0
0.0
0.0
0.0
0.0
0.0
0.0
0.0
0.0
0.0
0.0
0.0
0.0
0.0
0.0
0.0
0.0
0.0
0.0
0.0
0.0
0.0
0.0
0.0
0.0
0.0
0.0
0.0
0.0
0.0
0.0
0.0
0.0
0.0
0.0
0.0
0.0
0.0
0.0
0.0
0.0
0.0
0.0
0.0
0.0
0.0
0.0
0.0
0.0
0.0
0.0
0.0
0.0
0.0
0.0
0.0
0.0
0.0
0.0
0.0
0.0
0.0
0.0
0.0
0.0
0.0
0.0
0.0
0.0
0.0
0.0
0.0
0.0
0.0
0.0
0.0
0.0
0.0
0.0
0.0
0.0
0.0
0.0
0.0
0.0
0.0
0.0
0.0
0.0
0.0
0.0
0.0
0.0
0.0
0.0
0.0
0.0
0.0
0.0
0.0
0.0
0.0
0.0
0.0
0.0
0.0
0.0
0.0
0.0
0.0
0.0
0.0
0.0
0.0
0.0
0.0
0.0
0.0
0.0
0.0
0.0
0.0
0.0
0.0
0.0
0.0
0.0
0.0
0.0
0.0
0.0
0.0
0.0
0.0
0.0
0.0
0.0
0.0
0.0
0.0
0.0
0.0
0.0
0.0
0.0
0.0
0.0
0.0
0.0
0.0
0.0
0.0
0.0
0.0
0.0
0.0
0.0
0.0
0.0
0.0
0.0
0.0
0.0
0.0
0.0
0.0
0.0
0.0
0.0
0.0
0.0
0.0
0.0
0.0
0.0
0.0
0.0
0.0
0.0
0.0
0.0
0.0
0.0
0.0
0.0
0.0
0.0
0.0
0.0
0.0
0.0
0.0
0.0
0.0
0.0
0.0
0.0
0.0
0.0
0.0
0.0
0.0
0.0
0.0
0.0
0.0
0.0
0.0
0.0
0.0
0.0
0.0
0.0
0.0
0.0
0.0
0.0
0.0
0.0
0.0
0.0
0.0
0.0
0.0
0.0
0.0
0.0
0.0
0.0
0.0
0.0
0.0
0.0
0.0
0.0
0.0
0.0
0.0
0.0
0.0
0.0
0.0
0.0
0.0
0.0
0.0
0.0
0.0
0.0
0.0
0.0
0.0
0.0
0.0
0.0
0.0
0.0
0.0
0.0
0.0
0.0
0.0
0.0
0.0
0.0
0.0
0.0
0.0
0.0
0.0
0.0
0.0
0.0
0.0
0.0
0.0
0.0
0.0
0.0
0.0
0.0
0.0
0.0
0.0
0.0
0.0
0.0
0.0
0.0
0.0
0.0
0.0
0.0
0.0
0.0
0.0
0.0
0.0
0.0
0.0
0.0
0.0
0.0
0.0
0.0
0.0
0.0
0.0
0.0
0.0
0.0
0.0
0.0
0.0
0.0
0.0
0.0
0.0
0.0
0.0
0.0
0.0
0.0
0.0
0.0
0.0
0.0
0.0
0.0
0.0
0.0
0.0
0.0
0.0
0.0
0.0
0.0
0.0
0.0
0.0
0.0
0.0
0.0
0.0
0.0
0.0
0.0
0.0
0.0
0.0
0.0
0.0
0.0
0.0
0.0
0.0
0.0
0.0
0.0
0.0
0.0
0.0
0.0
0.0
0.0
0.0
0.0
0.0
0.0
0.0
0.0
0.0
0.0
0.0
1.12241792678833
0.0
0.0
0.0
0.0
0.0
0.0
0.0
0.0
0.0
0.0
0.0
0.0
0.987403154373169
0.0
1.0206745862960815
0.5773061513900757
0.8415728807449341
0.46094730496406555
0.0
0.6527747511863708
0.5310400128364563
0.4385671615600586
0.0
0.0
0.0
0.0
0.3469025492668152
0.0
0.0
0.0
0.18119919300079346
0.0
0.0
0.0
0.09113749861717224
0.0
0.1710985153913498
0.0
0.0
0.3039436340332031
0.0
0.25596365332603455
0.19538217782974243
0.35205352306365967
0.37890464067459106
0.0
0.0
0.0
0.4358436167240143
0.07451561093330383
0.08470652252435684
0.0
0.0
0.0
0.3113800287246704
0.4819756746292114
0.4396953284740448
0.46097537875175476
0.0
0.2656238079071045
0.0
0.0
0.0
0.6535355448722839
0.0
0.0
0.0
0.6251084208488464
0.0
0.0
0.0
0.0
0.4807838797569275
0.0
0.0
0.5078971982002258
0.0
0.5167907476425171
0.0
0.561509907245636
0.0
0.17411522567272186
0.062019284814596176
0.2568831443786621
0.1505117267370224
0.34791478514671326
0.30635127425193787
0.07225643843412399
0.0949416235089302
0.37673473358154297
0.0
0.06026368960738182
0.0
0.065113365650177
0.15381601452827454
0.20310798287391663
0.0
0.06277760863304138
0.20111805200576782
0.0
0.13170093297958374
0.05673467740416527
0.1421562284231186
0.07986042648553848
0.0854349359869957
0.0
0.07152813673019409
0.06825989484786987
0.0
0.20199917256832123
0.06754394620656967
0.14908552169799805
0.14538967609405518
0.0614660419523716
0.0
0.07085227966308594
0.0801163837313652
0.061515673995018005
0.0
0.16639377176761627
0.05732899531722069
0.14144271612167358
0.05587509647011757
0.29961663484573364
0.0
0.05083508417010307
0.04996185377240181
0.35125792026519775
0.18500366806983948
0.05373619124293327
0.04938646778464317
0.3943387269973755
0.1924375295639038
0.18658547103405
0.0
0.05344897881150246
0.0539434589445591
0.06960844993591309
0.21634985506534576
0.0
0.0
0.21172598004341125
0.4592289328575134
0.10366764664649963
0.07088728249073029
0.4183347225189209
0.055820975452661514
0.0
0.15131649374961853
0.0537690594792366
0.09578850120306015
0.06029108539223671
0.05895160511136055
0.07526794075965881
0.07185535132884979
0.08950614929199219
0.22463685274124146
0.06250912696123123
0.07263989001512527
0.0
0.072756826877594
0.0
0.07090147584676743
0.0712115541100502
0.06940630078315735
0.06958725303411484
0.0
0.07293577492237091
0.1360192447900772
0.06693852692842484
0.07600555568933487
0.0
0.14701098203659058
0.07591566443443298
0.2332790344953537
0.05740226432681084
0.053909145295619965
0.0
0.0
0.0
0.06704871356487274
0.07111124694347382
0.05016927421092987
0.0
0.051858991384506226
0.07314138859510422
0.051539115607738495
0.23154297471046448
0.1310819834470749
0.14485588669776917
0.21054275333881378
0.044003747403621674
0.05409339442849159
0.0
0.0
0.08206235617399216
0.0467999167740345
0.2016836553812027
0.06575747579336166
0.04652678593993187
0.21271011233329773
0.05718028545379639
0.16601747274398804
0.21143347024917603
0.04598665609955788
0.03848223760724068
0.04580092802643776
0.0599246546626091
0.0
0.0418916791677475
0.05925361067056656
0.045319847762584686
0.1440884917974472
0.3280377686023712
0.04117477312684059
0.03658086061477661
0.056992143392562866
0.0617426335811615
0.048692867159843445
0.03941698744893074
0.06173000857234001
0.06527836620807648
0.04377834498882294
0.047701165080070496
0.04398613050580025
0.04751165956258774
0.03728370741009712
0.040571242570877075
0.043697867542505264
0.0469396635890007
0.16205190122127533
0.07662756741046906
0.05057289078831673
0.0688818022608757
0.06051739677786827
0.043352752923965454
0.20738738775253296
0.07749849557876587
0.05355113372206688
0.07047127932310104
0.05387664958834648
0.0
0.05785161629319191
0.06556494534015656
0.0596332848072052
0.0
0.06723567843437195
0.06431236863136292
0.063846655189991
0.06548835337162018
0.0
0.16335241496562958
0.0621659979224205
0.060792140662670135
0.05083923414349556
0.0
0.05999061465263367
0.06342665106058121
0.0
0.04150388389825821
0.06144988164305687
0.03892653062939644
0.17679336667060852
0.04939107969403267
0.03280773013830185
0.0
0.029612867161631584
0.0350533165037632
0.02765689603984356
0.027070559561252594
0.0
0.04518973454833031
0.02614433690905571
0.23499484360218048
0.04781714454293251
0.42645567655563354
0.3239140808582306
0.20103085041046143
0.23362921178340912
0.23815211653709412
0.0
0.0
0.2423735111951828
0.06622318178415298
0.040851809084415436
0.0
0.02746533416211605
0.2076822817325592
0.02715870924293995
0.026765251532197
0.026279356330633163
0.06231024116277695
0.03695673868060112
0.035922594368457794
0.13884879648685455
0.02541239932179451
0.09764054417610168
0.026488875970244408
0.03400887921452522
0.0
0.029701031744480133
0.040067438036203384
0.044538918882608414
0.05246857553720474
0.08498457074165344
0.03570634499192238
0.07853110134601593
0.043395958840847015
0.05421684309840202
0.06166238337755203
0.0706944689154625
0.06932582706212997
0.05408860743045807
0.07530020922422409
0.07188303023576736
0.05989004299044609
0.06794816255569458
0.062229909002780914
0.06156448274850845
0.07019910216331482
0.06616762280464172
0.057336777448654175
0.07362046092748642
0.06855809688568115
0.05140858143568039
0.07570780813694
0.04924251139163971
0.06338940560817719
0.04845874011516571
0.053722068667411804
0.04158862680196762
0.046271029859781265
0.03699600324034691
0.03431976959109306
0.23766499757766724
0.15091025829315186
0.038484036922454834
0.18528179824352264
0.06552018970251083
0.16842010617256165
0.2183009386062622
0.03377570956945419
0.02177763544023037
0.1286628395318985
0.05392099916934967
0.10103408992290497
0.023137180134654045
0.02302098460495472
0.0
0.0
0.04004621133208275
0.021693851798772812
0.038826245814561844
0.02051963098347187
0.019927596673369408
0.17561474442481995
0.0
0.03336891531944275
0.018616974353790283
0.01857255958020687
0.018539639189839363
0.018491024151444435
0.018405849114060402
0.14170034229755402
0.018022194504737854
0.19862039387226105
0.053201720118522644
0.01849728636443615
0.0295239444822073
0.019325897097587585
0.01952843740582466
0.0293712355196476
0.029329758137464523
0.019453495740890503
0.01921061798930168
0.0
0.2218717634677887
0.3531580865383148
0.06298773735761642
0.029520347714424133
0.01772996596992016
0.10897625982761383
0.2439294457435608
0.019793065264821053
0.1591007262468338
0.029754817485809326
0.07498864829540253
0.03741810470819473
0.031139245256781578
0.026027485728263855
0.03756703436374664
0.037697140127420425
0.0567692406475544
0.033428773283958435
0.07503728568553925
0.06495154649019241
0.03990159183740616
0.04386913403868675
0.044433269649744034
0.03707047551870346
0.0697004497051239
0.038346994668245316
0.05231538414955139
0.0523250587284565
0.06802154332399368
0.0461837537586689
0.04422152042388916
0.048307452350854874
0.0745307132601738
0.07063490152359009
0.0
0.043803177773952484
0.08050713688135147
0.050315212458372116
0.0677662342786789
0.04745826870203018
0.05450671166181564
0.05068591982126236
0.05302433669567108
0.04974620044231415
0.05043334886431694
0.054599493741989136
0.05071396753191948
0.06198674067854881
0.03827087953686714
0.036683790385723114
0.03775188326835632
0.046389780938625336
0.06822297722101212
0.04656203091144562
0.05094388499855995
0.21513307094573975
0.037786249071359634
0.04702896624803543
0.027779562398791313
0.03236725926399231
0.04777676239609718
0.025956185534596443
0.0704219713807106
0.025375869125127792
0.0370962917804718
0.037072788923978806
0.0370512492954731
0.030860841274261475
0.037015244364738464
0.03051196038722992
0.1532151848077774
0.02256072498857975
0.04518355801701546
0.12614452838897705
0.01964995451271534
0.07974672317504883
0.029163235798478127
0.029168400913476944
0.0508846677839756
0.029085664078593254
0.018476229161024094
0.14496426284313202
0.029033992439508438
0.029106395319104195
0.05216674506664276
0.30242180824279785
0.029246406629681587
0.017207197844982147
0.01701696217060089
0.0548236258327961
0.18475723266601562
0.016791628673672676
0.24671249091625214
0.08015305548906326
0.02945828251540661
0.20187246799468994
0.019640788435935974
0.0695171058177948
0.022954951971769333
0.042924270033836365
0.03194711357355118
0.1870424449443817
0.0350000374019146
0.046375494450330734
0.18986544013023376
0.05664177983999252
0.07198608666658401
0.04209441691637039
0.18649525940418243
0.050963032990694046
0.042174678295850754
0.07486957311630249
0.04600699990987778
0.05925440415740013
0.08304877579212189
0.0
0.046437814831733704
0.06039084866642952
0.048641372472047806
0.06275380402803421
0.05402883142232895
0.0451539009809494
0.045787300914525986
0.04446062073111534
0.048744067549705505
0.04112199693918228
0.07449888437986374
0.04687152057886124
0.05525282770395279
0.03370621055364609
0.03612717613577843
0.12163986265659332
0.03602553531527519
0.04325636848807335
0.0555262565612793
0.03763885796070099
0.046703699976205826
0.055007342249155045
0.05748724937438965
0.0442294180393219
0.04434698447585106
0.03611594811081886
0.06465122103691101
0.03560846671462059
0.18512795865535736
0.0
0.16296276450157166
0.03359745442867279
0.052542995661497116
0.025410719215869904
0.04371719807386398
0.022700907662510872
0.021517083048820496
0.029516970738768578
0.029480084776878357
0.0
0.01799592562019825
0.017499933019280434
0.05686885491013527
0.016918674111366272
0.01674528233706951
0.016554106026887894
0.016361933201551437
0.13967575132846832
0.01598624885082245
0.0158387441188097
0.2955438494682312
0.015690753236413002
0.16481612622737885
0.015665868297219276
0.015602648258209229
0.05362561345100403
0.015385719947516918
0.015262319706380367
0.0
0.0
0.03297474607825279
0.03253919258713722
0.014823648147284985
0.014848006889224052
0.014890080317854881
0.014904242940247059
0.030671460554003716
0.030390601605176926
0.030046606436371803
0.01521836407482624
0.04327760636806488
0.029069550335407257
0.13547419011592865
0.0410202220082283
0.016370857134461403
0.016494326293468475
0.13791429996490479
0.028440169990062714
0.01603069342672825
0.1606321483850479
0.02865162305533886
0.015527890995144844
0.015349439345300198
0.042536355555057526
0.01507520955055952
0.01496428158134222
0.05698571354150772
0.04259322211146355
0.01539592631161213
0.028455115854740143
0.016015319153666496
0.028240589424967766
0.08417575806379318
0.1359654664993286
0.028077712282538414
0.018211442977190018
0.13897407054901123
0.03864474594593048
0.028089355677366257
0.028202610090374947
0.028343411162495613
0.14238005876541138
0.02860056608915329
0.028677279129624367
0.014754935167729855
0.014593640342354774
0.0
0.014155837707221508
0.013900673016905785
0.04536215960979462
0.06089669093489647
0.013893130235373974
0.014133508317172527
0.056915558874607086
0.02835003100335598
0.01541385892778635
0.027914531528949738
0.05021601542830467
0.02777007594704628
0.03750399500131607
0.018942857161164284
0.019581103697419167
0.18733753263950348
0.05982565879821777
0.02098892629146576
0.050291575491428375
0.029264474287629128
0.022955939173698425
0.03607283532619476
0.023257870227098465
0.06677783280611038
0.02359929122030735
0.02375585399568081
0.059933166950941086
0.03006158582866192
0.0
0.0
0.024326929822564125
0.047769155353307724
0.03010816127061844
0.023782067000865936
0.035996198654174805
0.061364393681287766
0.04238492622971535
0.02314162068068981
0.04842119291424751
0.04818570986390114
0.047736238688230515
0.03617412969470024
0.025458669289946556
0.031030066311359406
0.07139286398887634
0.06048334017395973
0.06267377734184265
0.041866376996040344
0.03203516826033592
0.05765338987112045
0.051627904176712036
0.05866716802120209
0.03767087310552597
0.04300902411341667
0.06704782694578171
0.05184033885598183
0.0500403456389904
0.05012459680438042
0.04011537879705429
0.0457303561270237
0.07928135246038437
0.04294213280081749
0.051620591431856155
0.04480137303471565
0.06039002537727356
0.06685143709182739
0.22262367606163025
0.04422196373343468
0.03565065562725067
0.037224095314741135
0.03235840052366257
0.03800477832555771
0.027964262291789055
0.02557770162820816
0.03586438298225403
0.18772879242897034
0.03626435622572899
0.018280304968357086
0.0170323196798563
0.0
0.027612144127488136
0.014058598317205906
0.028393806889653206
0.012869242578744888
0.046157099306583405
0.0467822402715683
0.11935199052095413
0.029543068259954453
0.1012156754732132
0.01244340930134058
0.11228629946708679
0.16162244975566864
0.011941859498620033
0.011746627278625965
0.011633305810391903
0.12245713174343109
0.13904306292533875
0.03281330689787865
0.054086945950984955
0.011757642962038517
0.01184355653822422
0.03232945501804352
0.03194922208786011
0.12493430078029633
0.012286913581192493
0.06483033299446106
0.0129571333527565
0.0
0.013891245238482952
0.014246744103729725
0.027865493670105934
0.04047245904803276
0.0633988305926323
0.016125451773405075
0.02739950269460678
0.017760705202817917
0.027590230107307434
0.01861664094030857
0.036531638354063034
0.018773125484585762
0.03648322448134422
0.027627229690551758
0.01858876273036003
0.05421716347336769
0.18373996019363403
0.036327000707387924
0.019203655421733856
0.027793221175670624
0.036139003932476044
0.019350331276655197
0.019131841138005257
0.027561146765947342
0.036490581929683685
0.01784595288336277
0.01732153818011284
0.07645107060670853
0.05654330551624298
0.036614272743463516
0.018619701266288757
0.0191409382969141
0.019254108890891075
0.019140824675559998
0.018772143870592117
0.053894564509391785
0.045271918177604675
0.027386965230107307
0.02742151729762554
0.018501831218600273
0.01826060749590397
0.027216993272304535
0.0271323099732399
0.02705799601972103
0.01673945039510727
0.15326198935508728
0.015452580526471138
0.014628690667450428
0.013816377148032188
0.013038810342550278
0.012339383363723755
0.028389768674969673
0.011412122286856174
0.0
0.010804886929690838
0.01054619625210762
0.2592999339103699
0.010300735011696815
0.010252494364976883
0.010186290368437767
0.010120581835508347
0.13159914314746857
0.009995637461543083
0.009931754320859909
0.009861157275736332
0.26259467005729675
0.009802993386983871
0.035758063197135925
0.0100552411749959
0.010164810344576836
0.010237100534141064
0.0384196937084198
0.010235613211989403
0.010159170255064964
0.0386778749525547
0.03838071599602699
0.09657276421785355
0.153188556432724
0.009265769273042679
0.009180363267660141
0.05916023254394531
0.009251727722585201
0.009406810626387596
0.009604577906429768
0.15735958516597748
0.010240388102829456
0.028866464272141457
0.10732162743806839
0.01144973374903202
0.011609469540417194
0.011659695766866207
0.011598067358136177
0.17408181726932526
0.011094710789620876
0.010748986154794693
0.11035514622926712
0.010064494796097279
0.009756247512996197
0.009484568610787392
0.009346715174615383
0.12161940336227417
0.00914403423666954
0.28086504340171814
0.03665909916162491
0.30667412281036377
0.01072729378938675
0.011393141932785511
0.01201383862644434
0.0
0.11921767145395279
0.013929412700235844
0.0
0.0
0.09319628775119781
0.11392822861671448
0.01739855483174324
0.017395924776792526
0.12653180956840515
0.10791082680225372
0.0162667129188776
0.01556704007089138
0.014797026291489601
0.013995797373354435
0.013200231827795506
0.0
0.17912355065345764
0.011561364866793156
0.011282012797892094
0.04067707434296608
0.03964835777878761
0.24133718013763428
0.10929534584283829
0.010378402657806873
0.010356146842241287
0.010313102044165134
0.010250892490148544
0.010179511271417141
0.010106214322149754
0.010040335357189178
0.009960608556866646
0.009867789223790169
0.009798799641430378
0.009748685173690319
0.11003877967596054
0.009622217155992985
0.03550081327557564
0.009518994018435478
0.009472334757447243
0.00941753201186657
0.009355519898235798
0.009287025779485703
0.00921194814145565
0.009131683968007565
0.00904822163283825
0.008964317850768566
0.0363255999982357
0.03598218411207199
0.00879865325987339
0.034666404128074646
0.03378870338201523
0.0327034667134285
0.009222211316227913
0.009510848671197891
0.009782418608665466
0.029424570500850677
0.010318759828805923
0.0805000364780426
0.01143528800457716
0.027107136324048042
0.04017481207847595
0.026541693136096
0.058867234736680984
0.017142022028565407
0.02723947912454605
0.03546846657991409
0.028293779119849205
0.1465883105993271
0.0
0.04139111563563347
0.041261907666921616
0.025548459962010384
0.041195716708898544
0.026057450100779533
0.0309926588088274
0.02512885071337223
0.05241771042346954
0.06388074904680252
0.023999514058232307
0.023880423977971077
0.03557607904076576
0.04783526435494423
0.02250932902097702
0.021892068907618523
0.028228575363755226
0.043069854378700256
0.019238607957959175
0.03580967336893082
0.01761402003467083
0.0266763586550951
0.026516614481806755
0.037589021027088165
0.06058758869767189
0.01483958400785923
0.01481599360704422
0.026390669867396355
0.02638562023639679
0.014142005704343319
0.026405094191432
0.013437882997095585
0.012968805618584156
0.04068926349282265
0.04107623174786568
0.0687331110239029
0.012943068519234657
0.013471176847815514
0.06275196373462677
0.01472452748566866
0.015398044139146805
0.026401273906230927
0.016062801703810692
0.04666672646999359
0.026511624455451965
0.016737200319767
0.03624788299202919
0.02658768743276596
0.026592478156089783
0.026577053591609
0.016699301078915596
0.026449766010046005
0.015880905091762543
0.037106797099113464
0.03738758713006973
0.01476292870938778
0.037777237594127655
0.08247080445289612
0.026259884238243103
0.01631053537130356
0.04535600543022156
0.03566639870405197
0.018821729347109795
0.027399979531764984
0.019705260172486305
0.07197096198797226
0.027964696288108826
0.021365247666835785
0.04179011657834053
0.06624047458171844
0.02329869754612446
0.02981964312493801
0.1658112108707428
0.03590761870145798
0.03128278627991676
0.02667667344212532
0.06360949575901031
0.04107005149126053
0.04112662747502327
0.06163223087787628
0.03734297677874565
0.029758555814623833
0.059774354100227356
0.04169223830103874
0.03450104594230652
0.030580373480916023
0.037682436406612396
0.03720393031835556
0.03218900039792061
0.03617535158991814
0.03029230609536171
0.06407060474157333
0.04144876077771187
0.02252819389104843
0.035226453095674515
0.042033229023218155
0.020770667120814323
0.03522719070315361
0.0353015772998333
0.07433456927537918
0.019580788910388947
0.019858794286847115
0.02753143571317196
0.019338106736540794
0.21673622727394104
0.035417381674051285
0.027126982808113098
0.018634317442774773
0.018180817365646362
0.026677751913666725
0.016639387235045433
0.026260782033205032
0.014761680737137794
0.16162849962711334
0.052542153745889664
0.012448161840438843
0.026485726237297058
0.011683143675327301
0.026825420558452606
0.010961692780256271
0.02725929208099842
0.027453899383544922
0.027566706761717796
0.01017194427549839
0.027706017717719078
0.02772468328475952
0.010085470974445343
0.027682995423674583
0.027623452246189117
0.027490872889757156
0.01045933086425066
0.010546650737524033
0.010509061627089977
0.010360172018408775
0.010118240490555763
0.13794250786304474
0.009538126178085804
0.00923270545899868
0.1381545513868332
0.008380381390452385
0.007928900420665741
0.007572364993393421
0.007303087506443262
0.007114877924323082
0.09357469528913498
0.007091817911714315
0.03634226322174072
0.007188817951828241
0.03564321622252464
0.00730802770704031
0.03450045734643936
0.007484224624931812
0.0075845867395401
0.07513125240802765
0.08967763185501099
0.007590190973132849
0.10945203900337219
0.007503790315240622
0.0074753230437636375
0.007440350018441677
0.007399710360914469
0.007353967987000942
0.007303482387214899
0.007259015925228596
0.21758843958377838
0.007237113080918789
0.007265303283929825
0.2690436542034149
0.007539201993495226
0.007831388153135777
0.008140725083649158
0.08551692217588425
0.008895485661923885
0.07192723453044891
0.00983736477792263
0.0
0.12424080818891525
0.011620631441473961
0.012318688444793224
0.11956650018692017
0.013349655084311962
0.01363327819854021
0.013638260774314404
0.01338757760822773
0.0
0.0
0.012175777927041054
0.06692343950271606
0.011245489120483398
0.1141960397362709
0.2741347551345825
0.011222828179597855
0.16884613037109375
0.011950722895562649
0.0
0.0
0.2433423399925232
0.012912478297948837
0.013209333643317223
0.15699398517608643
0.0
0.264312744140625
0.012371269054710865
0.2783825397491455
0.012504255399107933
0.012470188550651073
0.0
0.012053671292960644
0.05797385051846504
0.14216852188110352
0.010768366046249866
0.07761494815349579
0.010295872576534748
0.13895446062088013
0.01030656136572361
0.0
0.05542431026697159
0.010238982737064362
0.009977410547435284
0.009644361212849617
0.009262507781386375
0.0970541387796402
0.0497111976146698
0.007604917511343956
0.04524248465895653
0.07797396928071976
0.006640545558184385
0.006756390444934368
0.0070696366019546986
0.007491016294807196
0.007950585335493088
0.008396054618060589
0.02892080321907997
0.009296958334743977
0.009704542346298695
0.009985337033867836
0.010129126720130444
0.04412512853741646
0.027020655572414398
0.01087191328406334
0.026622939854860306
0.02647780440747738
0.011734439060091972
0.13511063158512115
0.011880211532115936
0.040689535439014435
0.011850301176309586
0.011796181090176105
0.011564075946807861
0.05634932592511177
0.01139608770608902
0.01141501683741808
0.08457577973604202
0.05350128188729286
0.013487517833709717
0.014595440588891506
0.015382498502731323
0.056022223085165024
0.04491567611694336
0.03527607023715973
0.04983482509851456
0.028350818902254105
0.02304898574948311
0.04644637927412987
0.030378827825188637
0.030787887051701546
0.03091544471681118
0.10175316035747528
0.04097981005907059
0.03752464801073074
0.04854270815849304
0.03251409903168678
0.03308633714914322
0.0328848771750927
0.031995270401239395
0.0342709943652153
0.04113566502928734
0.05823132023215294
0.026158828288316727
0.06091112643480301
0.029997684061527252
0.02370629832148552
0.07012372463941574
0.04714486002922058
0.058156318962574005
0.02983306348323822
0.030243143439292908
0.040826763957738876
0.0408158004283905
0.025548221543431282
0.040816035121679306
0.07921577244997025
0.03599826619029045
0.045328035950660706
0.032346613705158234
0.036878883838653564
0.06799683719873428
0.05604357644915581
0.048527177423238754
0.04216018691658974
0.059494491666555405
0.051135264337062836
0.0745290219783783
0.04074408486485481
0.04599802568554878
0.04079865291714668
0.05363444983959198
0.060315340757369995
0.040568992495536804
0.2428475320339203
0.08314511179924011
0.07103778421878815
0.06806914508342743
0.05652445927262306
0.052143096923828125
0.050005365163087845
0.05224423483014107
0.0
0.04900875687599182
0.0
0.0
0.05087803676724434
0.06104698032140732
0.06661377847194672
0.05057469755411148
0.0409410335123539
0.043555956333875656
0.07626528292894363
0.04885827377438545
0.04870879650115967
0.07790058106184006
0.05349595472216606
0.05568348988890648
0.03711063414812088
0.04429255425930023
0.036529917269945145
0.05355273187160492
0.03734906017780304
0.033047571778297424
0.09163780510425568
0.041797179728746414
0.04178621247410774
0.04512444883584976
0.0
0.04154586419463158
0.03773493692278862
0.04504668340086937
0.03301796317100525
0.06502978503704071
0.04094134643673897
0.032204002141952515
0.031842608004808426
0.16127067804336548
0.0912049189209938
0.030963735654950142
0.031170425936579704
0.026137055829167366
0.04571734368801117
0.05565250292420387
0.04081705957651138
0.04081707447767258
0.025736257433891296
0.025376370176672935
0.024546828120946884
0.0
0.04132632166147232
0.02829853817820549
0.020542602986097336
0.05764780566096306
0.027112748473882675
0.03523829206824303
0.06805938482284546
0.018643273040652275
0.03516126424074173
0.027149705216288567
0.01908521167933941
0.0662599503993988
0.02731267921626568
0.035022903233766556
0.04217017814517021
0.020878486335277557
0.028057901188731194
0.02800160087645054
0.027843736112117767
0.04226062446832657
0.03501119464635849
0.05695790797472
0.02027299627661705
0.04211140796542168
0.020630400627851486
0.04898615926504135
0.02073955349624157
0.020558001473546028
0.02754872292280197
0.07919793576002121
0.1701917052268982
0.027713382616639137
0.042052797973155975
0.020804353058338165
0.02068638615310192
0.02015726827085018
0.05776701495051384
0.01919681951403618
0.027032168582081795
0.04365139082074165
0.15954650938510895
0.03565395623445511
0.1830044686794281
0.035697873681783676
0.017819015309214592
0.026840118691325188
0.026897169649600983
0.026902327314019203
0.018077963963150978
0.06153513118624687
0.01794969104230404
0.026826195418834686
0.03564063459634781
0.01773950271308422
0.15429405868053436
0.03577089682221413
0.06150643900036812
0.018664076924324036
0.1532142162322998
0.07928448915481567
0.04218754172325134
0.04760536551475525
0.07626891881227493
0.050066232681274414
0.030979303643107414
0.04906993731856346
0.07766351103782654
0.03835234045982361
0.06310313940048218
0.07875410467386246
0.06527167558670044
0.06558751314878464
0.05467545613646507
0.058670736849308014
0.055787649005651474
0.06468495726585388
0.06524953246116638
0.06349235028028488
0.06777504086494446
0.05439393222332001
0.0
0.055875420570373535
0.05950404703617096
0.05240640789270401
0.052138086408376694
0.08353738486766815
0.06471697241067886
0.0481887049973011
0.043911613523960114
0.04056170582771301
0.06009660288691521
0.03703903779387474
0.09875621646642685
0.06652091443538666
0.0414191335439682
0.06331677734851837
0.039541009813547134
0.0445965975522995
0.03680545464158058
0.05651671439409256
0.035337671637535095
0.046090658754110336
0.036302391439676285
0.035124052315950394
0.07376080751419067
0.0713786706328392
0.033670179545879364
0.04548436775803566
0.03765194118022919
0.04547606408596039
0.03326699137687683
0.02846488542854786
0.05000999942421913
0.06773469597101212
0.03178010508418083
0.04576066881418228
0.04114275798201561
0.19898861646652222
0.04112051799893379
0.04110827296972275
0.02632412128150463
0.03092838078737259
0.04112110659480095
0.04119477793574333
0.052573565393686295
0.023471420630812645
0.05317820981144905
0.035361070185899734
0.029147235676646233
0.2506729066371918
0.022556424140930176
0.041631683707237244
0.021979274228215218
0.021413175389170647
0.027940722182393074
0.17131441831588745
0.0354543961584568
0.026876885443925858
0.035958725959062576
0.01663585565984249
0.02636517770588398
0.04775558039546013
0.20742160081863403
0.04807860031723976
0.02632097154855728
0.03674740344285965
0.016302907839417458
0.016487183049321175
0.016404785215854645
0.08484867215156555
0.026612117886543274
0.05373186245560646
0.06003715470433235
0.02019624039530754
0.021401071920990944
0.028814852237701416
0.022641727700829506
0.022696740925312042
0.03537248447537422
0.04182133823633194
0.05465000495314598
0.07215791940689087
0.04720567166805267
0.056741200387477875
0.02656436711549759
0.027756663039326668
0.04957430064678192
0.037404730916023254
0.02953127771615982
0.04539582133293152
0.03749628737568855
0.03319672495126724
0.04128902778029442
0.054025568068027496
0.04116220772266388
0.031879622489213943
0.0410921573638916
0.05065931752324104
0.025877075269818306
0.03589797392487526
0.03017624095082283
0.02367839775979519
0.022514019161462784
0.04880230128765106
0.035224564373493195
0.027461418882012367
0.05158935859799385
0.018413716927170753
0.017872469499707222
0.07158171385526657
0.026646742597222328
0.03582042083144188
0.02671177312731743
0.026729118078947067
0.0357324555516243
0.01761328987777233
0.05351162329316139
0.24180644750595093
0.01762651652097702
0.01730526052415371
0.016757328063249588
0.15754197537899017
0.06860272586345673
0.047918062657117844
0.06792592257261276
0.01638083904981613
0.017055509611964226
0.026738574728369713
0.03580651059746742
0.017999498173594475
0.018019860610365868
0.017763776704669
0.03597840294241905
0.045466914772987366
0.026618773117661476
0.04554206505417824
0.03604403883218765
0.02675877884030342
0.02682601660490036
0.035771507769823074
0.03570123016834259
0.027018753811717033
0.06019088253378868
0.02735072374343872
0.02758318930864334
0.020086271688342094
0.04265554994344711
0.13706012070178986
0.03537975624203682
0.025461139157414436
0.027392832562327385
0.03299100324511528
0.03758890554308891
0.03785425052046776
0.030355505645275116
0.041595444083213806
0.05271206423640251
0.0453014001250267
0.07371791452169418
0.06582960486412048
0.06409403681755066
0.04575726389884949
0.058678094297647476
0.03715284913778305
0.06339476257562637
0.03952323645353317
0.040089916437864304
0.06568889319896698
0.04429328441619873
0.04612713307142258
0.04577648267149925
0.038575559854507446
0.03962797671556473
0.04087596759200096
0.039657142013311386
0.05193427950143814
0.03373955190181732
0.049513641744852066
0.03148605674505234
0.025101160630583763
0.023384589701890945
0.021531324833631516
0.0428234301507473
0.0
0.0
0.0
0.0
0.0
0.0
0.0
0.0
0.0
0.0
0.0
0.0
0.0
0.0
0.0
0.0
0.0
0.0
0.0
0.0
0.0
0.0
0.0
0.0
0.0
0.0
0.0
0.0
0.0
0.0
0.0
0.0
0.0
0.0
0.0
0.0
0.0
0.0
0.0
0.0
0.0
0.0
0.0
0.0
0.0
0.0
0.0
0.0
0.0
0.0
0.0
0.0
0.0
0.0
0.0
0.0
0.0
0.0
0.0
0.0
0.0
0.0
0.0
0.0
0.0
0.0
0.0
0.0
0.0
0.0
0.0
0.0
0.0
0.0
0.0
0.0
0.0
0.0
0.0
0.0
0.0
0.0
0.0
0.0
0.0
0.0
0.0
0.0
0.0
0.0
0.0
0.0
0.0
0.0
0.0
0.0
0.0
0.0
0.0
0.0
0.0
0.0
0.0
0.0
0.0
0.0
0.0
0.0
0.0
0.0
0.0
0.0
0.0
0.0
0.0
0.0
0.0
0.0
0.0
0.0
0.0
0.0
0.0
0.0
0.0
0.0
0.0
0.0
0.0
0.0
0.0
0.0
0.0
0.0
0.0
0.0
0.0
0.0
0.0
0.0
0.0
0.0
0.0
0.0
0.0
0.0
0.0
0.0
0.0
0.0
0.0
0.0
0.0
0.0
0.0
0.0
0.0
0.0
0.0
0.0
0.0
0.0
0.0
0.0
0.0
0.0
0.0
0.0
0.0
0.0
0.0
0.0
0.0
0.0
0.0
0.0
0.0
0.0
0.0
0.0
0.0
0.0
0.0
0.0
0.0
0.0
0.0
0.0
0.0
0.0
0.0
0.0
0.0
0.0
0.0
0.0
0.0
0.0
0.0
0.0
0.0
0.0
0.0
0.0
0.0
0.0
0.0
0.0
0.0
0.0
0.0
0.0
0.0
0.0
0.0
0.0
0.0
0.0
0.0
0.0
0.0
0.0
0.0
0.0
0.0
0.0
0.0
0.0
0.0
0.0
0.0
0.0
0.0
0.0
0.0
0.0
0.0
0.0
0.0
0.0
0.0
0.0
0.0
0.0
0.0
0.0
0.0
0.0
0.0
0.0
0.0
0.0
0.0
0.0
0.0
0.0
0.0
0.0
0.0
0.0
0.0
0.0
0.0
0.0
0.0
0.0
0.0
0.0
0.0
0.0
0.0
0.0
0.0
0.0
0.0
0.0
0.0
0.0
0.0
0.0
0.0
0.0
0.0
0.0
0.0
0.0
0.0
0.0
0.0
0.0
0.0
0.0
0.0
0.0
0.0
0.0
0.0
0.0
0.0
0.0
0.0
0.0
0.0
0.0
0.0
0.0
0.0
0.0
0.0
0.0
0.0
0.0
0.0
0.0
0.0
0.0
0.0
0.0
0.0
0.0
0.0
0.0
0.0
0.0
0.0
0.0
0.0
0.0
0.0
0.0
0.0
0.0
0.0
0.0
0.0
0.0
0.0
0.0
0.0
0.0
0.0
0.0
0.0
0.0
0.0
0.0
0.0
0.0
0.0
0.0
0.0
0.0
0.0
0.0
0.0
0.0
0.0
0.0
0.0
0.0
0.0
0.0
0.0
0.0
0.0
0.0
0.0
0.0
0.0
0.0
0.0
0.0
0.0
0.0
0.0
0.0
0.0
0.0
0.0
0.0
0.0
0.0
0.0
0.0
0.0
0.0
0.0
0.0
0.0
0.0
0.0
0.0
0.0
0.0
0.18125395476818085
0.0
0.0
0.0
0.0
0.0
0.0
0.0
0.0
0.0
0.0
0.0
0.0
0.0
0.21436597406864166
0.0
0.05215670168399811
0.0
0.0
0.23580652475357056
0.21968451142311096
0.0
0.029279740527272224
0.0
0.2309112399816513
0.10988841950893402
0.028847666457295418
0.05739050358533859
0.026855815201997757
0.22609049081802368
0.1509908139705658
0.024099085479974747
0.023296533152461052
0.232259139418602
0.21428394317626953
0.12879076600074768
0.06828714907169342
0.0
0.16801795363426208
0.0
0.0
0.2183307260274887
0.1615424007177353
0.0
0.0
0.0
0.0
0.19454652070999146
0.0
0.0
0.25029611587524414
0.13818790018558502
0.13374070823192596
0.0
0.0
0.022246193140745163
0.0211316030472517
0.08683855831623077
0.018927505239844322
0.1756557822227478
0.017705192789435387
0.12085291743278503
0.019650891423225403
0.12290775030851364
0.16160625219345093
0.0239074919372797
0.02421470917761326
0.023680226877331734
0.0
0.02145756222307682
0.06866654008626938
0.01889028400182724
0.059280265122652054
0.01688961312174797
0.016126392409205437
0.015396077185869217
0.12102796882390976
0.014520811848342419
0.014309419319033623
0.01418387796729803
0.06700806319713593
0.014040394686162472
0.013855037279427052
0.013609718531370163
0.0133157167583704
0.012989992275834084
0.09085502475500107
0.05368856340646744
0.012457089498639107
0.06649810075759888
0.1543613225221634
0.01228426769375801
0.11380355060100555
0.04503074288368225
0.10797150433063507
0.07473064213991165
0.013446236029267311
0.01369441393762827
0.06325142830610275
0.041013527661561966
0.07404419779777527
0.013275343924760818
0.040094584226608276
0.01332099363207817
0.013294054195284843
0.013141175732016563
0.012887912802398205
0.012573656626045704
0.012256169691681862
0.0
0.05039720982313156
0.011483448557555676
0.011385747231543064
0.011339384131133556
0.011302035301923752
0.04074501618742943
0.09223107993602753
0.012197614647448063
0.012806570157408714
0.10320737212896347
0.10120518505573273
0.13442189991474152
0.016454622149467468
0.017990820109844208
0.14502015709877014
0.12220481783151627
0.017590312287211418
0.03074660338461399
0.01506191398948431
0.013755124062299728
0.10456214845180511
0.06060691922903061
0.010628403164446354
0.009830654598772526
0.043723952025175095
0.058662500232458115
0.00908221211284399
0.009017474949359894
0.008959728293120861
0.04826056584715843
0.05827406793832779
0.009152665734291077
0.05171997472643852
0.009429858066141605
0.21849484741687775
0.009952652268111706
0.03766117990016937
0.011335540562868118
0.15336556732654572
0.013171231374144554
0.01390751264989376
0.014254549518227577
0.09033788740634918
0.2018023133277893
0.13284416496753693
0.015487619675695896
0.014896693639457226
0.014052281156182289
0.013090832158923149
0.08415985852479935
0.01097891479730606
0.010117529891431332
0.04829006269574165
0.07312650233507156
0.064071886241436
0.010882368311285973
0.2647680640220642
0.05143659934401512
0.08878345787525177
0.03463062271475792
0.060245636850595474
0.03394525125622749
0.022304929792881012
0.03262992948293686
0.03169431537389755
0.08816991746425629
0.02983352169394493
0.028956983238458633
0.028063848614692688
0.027132844552397728
0.044643595814704895
0.11320383846759796
0.041368767619132996
0.17274747788906097
0.03352329134941101
0.03660060092806816
0.06061455234885216
0.06675197184085846
0.028908774256706238
0.0712055191397667
0.03091924637556076
0.03002575784921646
0.06778652220964432
0.03017061948776245
0.06075343117117882
0.02785286121070385
0.027344556525349617
0.07000298798084259
0.09202098846435547
0.051087453961372375
0.08692238479852676
0.02637443132698536
0.048420120030641556
0.02633131667971611
0.026172712445259094
0.025891847908496857
0.09755261242389679
0.025575023144483566
0.059630025178194046
0.1123194620013237
0.1695273220539093
0.0884217843413353
0.02671010233461857
0.04131501168012619
0.05605257675051689
0.13776831328868866
0.043661896139383316
0.030061449855566025
0.1470477432012558
0.0787375271320343
0.04774795472621918
0.05898204445838928
0.058292265981435776
0.03085603564977646
0.04815118387341499
0.04666335508227348
0.16469138860702515
0.09144262224435806
0.027597250416874886
0.04471608251333237
0.11610321700572968
0.026695342734456062
0.02623208798468113
0.040170975029468536
0.04977060481905937
0.04861372336745262
0.13248184323310852
0.03198110684752464
0.05117171257734299
0.07564745843410492
0.16274875402450562
0.02438337169587612
0.08277299255132675
0.025735223665833473
0.07913143932819366
0.025097565725445747
0.025124147534370422
0.02491169609129429
0.025348294526338577
0.025416648015379906
0.15911388397216797
0.042224157601594925
0.09414837509393692
0.13802964985370636
0.07052603363990784
0.025912269949913025
0.0585041269659996
0.02640495076775551
0.02665041945874691
0.05449720844626427
0.02714218571782112
0.060804322361946106
0.030527131631970406
0.0760074034333229
0.06342819333076477
0.13401399552822113
0.0
0.03360150754451752
0.04155401140451431
0.0
0.043291158974170685
0.1593787521123886
0.0
0.08255956321954727
0.051306769251823425
0.06578068435192108
0.0
0.05262508988380432
0.03898868337273598
0.06238912418484688
0.09724709391593933
0.0740913599729538
0.033952657133340836
0.04979469254612923
0.08823763579130173
0.07522084563970566
0.05952434614300728
0.05672893673181534
0.09015596657991409
0.050019294023513794
0.0685928612947464
0.06574248522520065
0.026487452909350395
0.026079827919602394
0.02538064867258072
0.04540058225393295
0.09028122574090958
0.03636226803064346
0.05444233864545822
0.08200975507497787
0.03313523158431053
0.07481751590967178
0.022861387580633163
0.02277250960469246
0.05592614784836769
0.06754028797149658
0.022278672084212303
0.02210414595901966
0.04565652459859848
0.021488497033715248
0.0291777104139328
0.04375437647104263
0.027156159281730652
0.06521686911582947
0.019963305443525314
0.17194123566150665
0.04275946691632271
0.05654247850179672
0.02015233039855957
0.020412271842360497
0.019038280472159386
0.04341968894004822
0.01776525191962719
0.10640246421098709
0.08206051588058472
0.01827557384967804
0.07878510653972626
0.019850196316838264
0.02034268155694008
0.020820990204811096
0.020260196179151535
0.0211741104722023
0.021314527839422226
0.02134777046740055
0.01937680132687092
0.0846843346953392
0.01930101029574871
0.042628321796655655
0.06352254748344421
0.021851127967238426
0.042742300778627396
0.04233449324965477
0.021221213042736053
0.021362287923693657
0.02173486538231373
0.02172871306538582
0.021654611453413963
0.020166054368019104
0.06436075270175934
0.06273622065782547
0.0885462760925293
0.10987963527441025
0.025036048144102097
0.021443424746394157
0.09468530863523483
0.03231837600469589
0.05406015366315842
0.055378593504428864
0.041080035269260406
0.1396811157464981
0.06772731989622116
0.028423208743333817
0.02874050848186016
0.041184358298778534
0.04029367119073868
0.03903941437602043
0.08161803334951401
0.07013394683599472
0.04363594204187393
0.04421116039156914
0.023774676024913788
0.07069837301969528
0.06581980735063553
0.035025112330913544
0.09884502738714218
0.022056834772229195
0.03298339620232582
0.1609797477722168
0.021743811666965485
0.021462388336658478
0.06324698030948639
0.03704039752483368
0.020979201421141624
0.020822474732995033
0.024864492937922478
0.020508605986833572
0.037299707531929016
0.02025586925446987
0.022320499643683434
0.12235134094953537
0.037070222198963165
0.022971851751208305
0.02314981073141098
0.019804440438747406
0.022276263684034348
0.058139532804489136
0.01992013491690159
0.021067798137664795
0.02045012265443802
0.020199639722704887
0.018636025488376617
0.017556320875883102
0.021383916959166527
0.021876193583011627
0.04211641475558281
0.014658463187515736
0.02256082557141781
0.014098869636654854
0.043307725340127945
0.022870343178510666
0.013912166468799114
0.022609466686844826
0.06882990151643753
0.014765020459890366
0.09635385870933533
0.04123801365494728
0.10074715316295624
0.015104943886399269
0.014739478938281536
0.06303035467863083
0.013805215246975422
0.023241128772497177
0.013035941869020462
0.01264443900436163
0.09606260061264038
0.024706408381462097
0.012363667599856853
0.024378294125199318
0.024055080488324165
0.023508701473474503
0.11005827784538269
0.02228589542210102
0.01497441902756691
0.021329209208488464
0.015967106446623802
0.0161808580160141
0.016032962128520012
0.01557006686925888
0.014860741794109344
0.013983970507979393
0.013018671423196793
0.012035276740789413
0.011097746901214123
0.010258074849843979
0.02838328666985035
0.12733227014541626
0.009151599369943142
0.009093711152672768
0.008990000933408737
0.07516159862279892
0.16040979325771332
0.009409960359334946
0.02759844809770584
0.026599042117595673
0.02549293451011181
0.012374209240078926
0.013251767493784428
0.02344195358455181
0.014627378433942795
0.015047086402773857
0.02293314039707184
0.015333408489823341
0.022906828671693802
0.01524423249065876
0.014952320605516434
0.023190388455986977
0.07260555028915405
0.02318361960351467
0.02293511852622032
0.015131669119000435
0.10531844943761826
0.048533812165260315
0.0724881961941719
0.014783196151256561
0.014770890586078167
0.0
0.048396315425634384
0.014252846129238605
0.014035249128937721
0.023231266066432
0.013357507064938545
0.0236105564981699
0.012731156311929226
0.012349586933851242
0.02438894473016262
0.05515740439295769
0.024453498423099518
0.1528235375881195
0.012894119136035442
0.013584829866886139
0.01398345548659563
0.022297566756606102
0.022069871425628662
0.04664399474859238
0.021216969937086105
0.01638948917388916
0.016825471073389053
0.016827592626214027
0.016438916325569153
0.10959011316299438
0.021282866597175598
0.021937794983386993
0.012524178251624107
0.023151591420173645
0.01128873135894537
0.1245618537068367
0.024783534929156303
0.010200543329119682
0.025328604504466057
0.009925911203026772
0.08132307976484299
0.02647663839161396
0.09887578338384628
0.009287730790674686
0.0093404995277524
0.009313622489571571
0.009218251332640648
0.05584742873907089
0.00912624690681696
0.027419185265898705
0.027040334418416023
0.009578393772244453
0.009797725826501846
0.06960973143577576
0.010345757007598877
0.010654650628566742
0.010818252339959145
0.05136427283287048
0.08041173964738846
0.011887934058904648
0.08627504110336304
0.012437257915735245
0.012236814945936203
0.022845245897769928
0.011765905655920506
0.0233511570841074
0.023398391902446747
0.13786955177783966
0.0701548308134079
0.011926477774977684
0.07574599981307983
0.01148894988000393
0.10443787276744843
0.01066602487117052
0.01031635981053114
0.02687375247478485
0.009811610914766788
0.009629752486944199
0.009425481781363487
0.009210888296365738
0.008991040289402008
0.008774302899837494
0.008573487401008606
0.008394680917263031
0.03403787314891815
0.008152981288731098
0.008066845126450062
0.15273360908031464
0.007948772981762886
0.00791578833013773
0.08021589368581772
0.06259556114673615
0.007868918590247631
0.007894257083535194
0.00790164154022932
0.007890615612268448
0.007861402817070484
0.14686712622642517
0.10670491307973862
0.007666612975299358
0.03868892788887024
0.1294207125902176
0.0081132547929883
0.008375385776162148
0.00862637534737587
0.008838343434035778
0.008994254283607006
0.009086263366043568
0.05812608078122139
0.009205981157720089
0.009230242110788822
0.07750990986824036
0.08926711976528168
0.03646176680922508
0.009598383679986
0.009856496006250381
0.03464419022202492
0.010419419035315514
0.09688476473093033
0.08340895920991898
0.03019152209162712
0.089126355946064
0.016535211354494095
0.09152571856975555
0.026507530361413956
0.02639620378613472
0.08035793155431747
0.17118299007415771
0.02654905803501606
0.13283951580524445
0.0691211000084877
0.02613668143749237
0.17762969434261322
0.07956212759017944
0.023486416786909103
0.05005984380841255
0.02921423688530922
0.01979391649365425
0.12876734137535095
0.01704847812652588
0.04812557250261307
0.014334280043840408
0.013076734729111195
0.0555279478430748
0.010536041110754013
0.04975150153040886
0.008494970388710499
0.043480657041072845
0.00743618980050087
0.0373762808740139
0.007557848002761602
0.007923601195216179
0.00837685726583004
0.008857623673975468
0.02805618941783905
0.00994520727545023
0.026037903502583504
0.011194764636456966
0.024336805567145348
0.012453318573534489
0.012917996384203434
0.013118693605065346
0.013063772581517696
0.022732768207788467
0.012709318660199642
0.01242347713559866
0.023042092099785805
0.011745106428861618
0.011365963146090508
0.023808486759662628
0.010617684572935104
0.02432539314031601
0.010120571590960026
0.056182339787483215
0.07388407737016678
0.010053437203168869
0.010065226815640926
0.009940441697835922
0.05574643984436989
0.009732847101986408
0.00963854230940342
0.009437399916350842
0.08622526377439499
0.02515668235719204
0.009646070189774036
0.024257469922304153
0.023665718734264374
0.0521978959441185
0.0218610018491745
0.02079625613987446
0.05758519470691681
0.01867932640016079
0.01747949793934822
0.017316168174147606
0.06830856949090958
0.016687678173184395
0.0230196975171566
0.016425754874944687
0.04848316311836243
0.01632823795080185
0.016313958913087845
0.016277911141514778
0.02775527909398079
0.016119269654154778
0.0
0.01587376929819584
0.09878406673669815
0.04722289741039276
0.036531079560518265
0.029572270810604095
0.04585857316851616
0.0452081598341465
0.030995115637779236
0.016347244381904602
0.01641729474067688
0.029956212267279625
0.11781122535467148
0.016200533136725426
0.04434055835008621
0.024620193988084793
0.023121831938624382
0.01662064902484417
0.019698036834597588
0.017426809296011925
0.016590015962719917
0.018602924421429634
0.014039210043847561
0.01286708377301693
0.053767040371894836
0.02184874564409256
0.010550376027822495
0.010064328089356422
0.009506710804998875
0.008914877660572529
0.025664232671260834
0.008018984459340572
0.027054840698838234
0.00756184384226799
0.007391675841063261
0.0071845813654363155
0.028932681307196617
0.006904571782797575
0.02928524650633335
0.02900025062263012
0.028247373178601265
0.0920318141579628
0.026999173685908318
0.1193036288022995
0.00807204283773899
0.02527896873652935
0.1443634033203125
0.009288664907217026
0.022702807560563087
0.05625973269343376
0.011303664185106754
0.02003704383969307
0.058950573205947876
0.014196246862411499
0.0151655413210392
0.017532268539071083
0.01649639569222927
0.017148412764072418
0.01697932556271553
0.09594716876745224
0.049045104533433914
0.016407426446676254
0.02026454731822014
0.020674150437116623
0.04543562978506088
0.044586677104234695
0.016613120213150978
0.022176042199134827
0.04155214875936508
0.017191629856824875
0.04703225940465927
0.02393791638314724
0.024055030196905136
0.023528296500444412
0.02245926856994629
0.01818043179810047
0.06187272071838379
0.018762188032269478
0.019004138186573982
0.018814189359545708
0.01933869905769825
0.07469364255666733
0.09855125099420547
0.01802510768175125
0.03947824984788895
0.038593046367168427
0.021913088858127594
0.02009931579232216
0.18600676953792572
0.021151863038539886
0.024228913709521294
0.024612179026007652
0.06585134565830231
0.0254160538315773
0.035918980836868286
0.024281885474920273
0.026442840695381165
0.1900387406349182
0.09299415349960327
0.051593780517578125
0.1026160940527916
0.029613826423883438
0.03749741241335869
0.05250021070241928
0.039442483335733414
0.04025194048881531
0.06548788398504257
0.044860538095235825
0.048547256737947464
0.04345136135816574
0.04244903475046158
0.1282409131526947
0.033345986157655716
0.06298746913671494
0.07477695494890213
0.05436619371175766
0.03743067383766174
0.04891468957066536
0.03952917829155922
0.0703309178352356
0.11761131137609482
0.12056533992290497
0.043868400156497955
0.048378001898527145
0.036060117185115814
0.05208592116832733
0.036410655826330185
0.05545926094055176
0.11332245171070099
0.03569222614169121
0.1273437738418579
0.03423386439681053
0.03279873728752136
0.030918989330530167
0.04360613226890564
0.0357271209359169
0.03283021226525307
0.1637926995754242
0.023119216784834862
0.02229267917573452
0.02138500288128853
0.020447315648198128
0.03588519245386124
0.025118699297308922
0.018285268917679787
0.05693497136235237
0.017560182139277458
0.017273010686039925
0.07353375107049942
0.01672646589577198
0.016464106738567352
0.016145609319210052
0.015779715031385422
0.015375722199678421
0.06899988651275635
0.04230237007141113
0.06608422845602036
0.014344203285872936
0.04230153188109398
0.014065415598452091
0.04137634113430977
0.027952346950769424
0.028399314731359482
0.02790451981127262
0.04099099338054657
0.10614479333162308
0.026370828971266747
0.015058755874633789
0.025717956945300102
0.015666048973798752
0.015917615965008736
0.04061779007315636
0.052229318767786026
0.0164447333663702
0.02317163534462452
0.04070967808365822
0.02226853184401989
0.017475305125117302
0.020863652229309082
0.018161257728934288
0.018430881202220917
0.06610200554132462
0.018859626725316048
0.018781233578920364
0.018830714747309685
0.06322911381721497
0.05034704506397247
0.08259429782629013
0.018645919859409332
0.01857554353773594
0.025103243067860603
0.018482178449630737
0.018382428213953972
0.027127819135785103
0.018048785626888275
0.035567477345466614
0.026793481782078743
0.05287865549325943
0.01768406853079796
0.026116540655493736
0.017736399546265602
0.05384301021695137
0.01772892102599144
0.09300895780324936
0.061799053102731705
0.11264663934707642
0.0172119103372097
0.022880500182509422
0.09674105048179626
0.022769570350646973
0.02259112149477005
0.057131193578243256
0.01824183389544487
0.0217273011803627
0.021147146821022034
0.0196151714771986
0.1037200465798378
0.020310990512371063
0.2116551250219345
0.02076064795255661
0.020901884883642197
0.020884880796074867
0.01985875703394413
0.019938774406909943
0.019476138055324554
0.01856137439608574
0.01730521209537983
0.022084346041083336
0.04073832556605339
0.014165299013257027
0.023290827870368958
0.01285071112215519
0.023953547701239586
0.11131041496992111
0.01081126555800438
0.04853682592511177
0.009376633912324905
0.02717314474284649
0.0085739865899086
0.008233907632529736
0.00784348789602518
0.007426574360579252
0.007005165331065655
0.00659534614533186
0.0062089962884783745
0.005854611285030842
0.03517771139740944
0.12103081494569778
0.005365160293877125
0.07439619302749634
0.00511513464152813
0.004972971044480801
0.004876147024333477
0.0048169647343456745
0.004785097669810057
0.004773658700287342
0.055520880967378616
0.004866961855441332
0.0049984874203801155
0.005148745141923428
0.005298855248838663
0.005433425772935152
0.005540830548852682
0.005613445769995451
0.005647392477840185
0.005642113741487265
0.09384205937385559
0.005835875403136015
0.006024560891091824
0.006153888069093227
0.006218163296580315
0.1104225218296051
0.006771549116820097
0.0072840615175664425
0.03072604350745678
0.05775868892669678
0.00917776394635439
0.08623051643371582
0.06244606897234917
0.01094711571931839
0.011438951827585697
0.011616544798016548
0.01149553433060646
0.02604147605597973
0.011080934666097164
0.053397491574287415
0.010597020387649536
0.027662156149744987
0.010146004147827625
0.009888887405395508
0.009458662010729313
0.008903097361326218
0.14107383787631989
0.008336253464221954
0.008247568272054195
0.08416403084993362
0.008047841489315033
0.007931070402264595
0.007698691450059414
0.14291955530643463
0.007046124432235956
0.039039064198732376
0.06602417677640915
0.006905953399837017
0.00706829410046339
0.09454485028982162
0.007692636922001839
0.008129176683723927
0.008410313166677952
0.008529235608875751
0.008493003435432911
0.06982448697090149
0.11701560765504837
0.008200863376259804
0.008077648468315601
0.007839420810341835
0.1148899719119072
0.09080397337675095
0.05719291791319847
0.007080438081175089
0.007092987187206745
0.0070163472555577755
0.04315195977687836
0.006981848273426294
0.007004301063716412
0.006940397433936596
0.006802878342568874
0.0066072093322873116
0.006369822658598423
0.006106691900640726
0.005832382012158632
0.005558033008128405
0.07421925663948059
0.0741790309548378
0.06183018162846565
0.005117697175592184
0.005130796227604151
0.005115043371915817
0.05553332716226578
0.0049245418049395084
0.004783784504979849
0.004655554424971342
0.1326030045747757
0.004666896536946297
0.004778520669788122
0.06143343821167946
0.005075083579868078
0.04751036316156387
0.005627844948321581
0.005970559548586607
0.006260278634727001
0.006480587180703878
0.06533141434192657
0.007047886028885841
0.1269363909959793
0.007537981495261192
0.1322079449892044
0.1699187457561493
0.008556297048926353
0.05419494956731796
0.07704734057188034
0.07540000230073929
0.011304675601422787
0.011671184562146664
0.0304921455681324
0.012127524241805077
0.11553777009248734
0.1294589340686798
0.05158248916268349
0.24005235731601715
0.014474421739578247
0.030074579641222954
0.029701776802539825
0.01814550720155239
0.21210674941539764
0.13628676533699036
0.020906303077936172
0.021693382412195206
0.09471109509468079
0.05684973672032356
0.10128583014011383
0.021573223173618317
0.07919676601886749
0.02177789993584156
0.05284929648041725
0.035697516053915024
0.02254498563706875
0.03660927340388298
0.03661765903234482
0.022369204089045525
0.021834585815668106
0.02083183079957962
0.12433093786239624
0.05782065540552139
0.016269536688923836
0.014650017954409122
0.22790318727493286
0.04034610092639923
0.010607387870550156
0.009749092161655426
0.1486269235610962
0.008903617039322853
0.008773132227361202
0.09199831634759903
0.008704201318323612
0.008746983483433723
0.18782643973827362
0.008660634979605675
0.1044737845659256
0.008631523698568344
0.059859614819288254
0.008421944454312325
0.04488720744848251
0.00815703347325325
0.008073054254055023
0.007943589240312576
0.044925764203071594
0.0876220241189003
0.007741732522845268
0.007645479869097471
0.00751678878441453
0.00736400717869401
0.007195020094513893
0.046936530619859695
0.007001288700848818
0.11864224076271057
0.00704271299764514
0.007090429775416851
0.0070996759459376335
0.007073002867400646
0.007014285773038864
0.00692825298756361
0.006820070557296276
0.00669502280652523
0.0065582189708948135
0.05130332335829735
0.006212649866938591
0.006035107187926769
0.0518389455974102
0.051838699728250504
0.005895097274333239
0.08319196850061417
0.0059705860912799835
0.005990533158183098
0.06076943501830101
0.06020223721861839
0.006209855899214745
0.0063322074711322784
0.006425666622817516
0.006486980710178614
0.006514985114336014
0.006515116896480322
0.043748050928115845
0.0066085876896977425
0.05652691423892975
0.006889470852911472
0.007027314975857735
0.0071036661975085735
0.00711883744224906
0.0070767272263765335
0.006984568666666746
0.006853993982076645
0.0066905878484249115
0.006522830110043287
0.006341465748846531
0.006151252426207066
0.005958580877631903
0.005768647417426109
0.005589017178863287
0.005427113268524408
0.04715987667441368
0.005246419459581375
0.005207132548093796
0.005157617386430502
0.04690701141953468
0.005143569316715002
0.04512497037649155
0.005305840168148279
0.005424059461802244
0.005520184058696032
0.005591822322458029
0.0056322189047932625
0.005640055518597364
0.005622114986181259
0.005579163320362568
0.005512890871614218
0.1042654737830162
0.005451343487948179
0.06031592935323715
0.005530649796128273
0.060591358691453934
0.03890514001250267
0.005550063215196133
0.005575499963015318
0.0055654458701610565
0.005524030886590481
0.07999743521213531
0.005592689383774996
0.005687757860869169
0.005740146618336439
0.07373971492052078
0.005977025721222162
0.0635790154337883
0.006150335073471069
0.006104351487010717
0.006019446067512035
0.005903189070522785
0.005763169378042221
0.00560668995603919
0.0054404232650995255
0.005270140245556831
0.05795256793498993
0.004871939308941364
0.0046808454208076
0.004525043535977602
0.004402948543429375
0.004306913819164038
0.004236932843923569
0.00419503403827548
0.004164461046457291
0.004140614997595549
0.044824279844760895
0.054875344038009644
0.00420269975438714
0.05568204075098038
0.00424621719866991
0.004249366465955973
0.004245717078447342
0.053295496851205826
0.05191200599074364
0.004251644480973482
0.004295779392123222
0.004353516735136509
0.04522645100951195
0.00455421581864357
0.13172784447669983
0.004940206650644541
0.005181049928069115
0.005405502859503031
0.005601648706942797
0.005761331878602505
0.005879397504031658
0.005953577812761068
0.005984063725918531
0.005973076447844505
0.03526705875992775
0.06429586559534073
0.10041835159063339
0.006128682289272547
0.006282914895564318
0.006380246952176094
0.006422359496355057
0.03383563831448555
0.006524424534291029
0.00657670060172677
0.006573679391294718
0.033378779888153076
0.006593657191842794
0.006608901079744101
0.03298451378941536
0.0326489582657814
0.060560889542102814
0.031182801350951195
0.00777065334841609
0.00818957295268774
0.055188488215208054
0.009051959961652756
0.009456759318709373
0.02802741527557373
0.049758151173591614
0.010662119835615158
0.011055074632167816
0.027503380551934242
0.011519163846969604
0.027392398566007614
0.011751110665500164
0.08855368942022324
0.011778040789067745
0.02701055444777012
0.02680834010243416
0.026413748040795326
0.025857890024781227
0.17745350301265717
0.024483783170580864
0.21188144385814667
0.18781036138534546
0.022837726399302483
0.022681526839733124
0.02253715507686138
0.02236049249768257
0.02205912582576275
0.047454219311475754
0.05657358467578888
0.021907925605773926
0.02524295635521412
0.02136971987783909
0.020888257771730423
0.020322566851973534
0.01971370540559292
0.019089475274086
0.11832842230796814
0.051944244652986526
0.022150449454784393
0.021199114620685577
0.017050744965672493
0.10853538662195206
0.01695520244538784
0.01690032333135605
0.01683122292160988
0.017092231661081314
0.016588985919952393
0.01580977439880371
0.017402924597263336
0.09211011230945587
0.0950593575835228
0.015148940496146679
0.01685057394206524
0.0157499760389328
0.01656447909772396
0.01594581827521324
0.016451608389616013
0.01638244092464447
0.015951287001371384
0.015774261206388474
0.07589422911405563
0.016751796007156372
0.014330881647765636
0.11491946876049042
0.017315104603767395
0.014196374453604221
0.08469557017087936
0.016866633668541908
0.10807152092456818
0.016207633540034294
0.017210083082318306
0.01579061523079872
0.10360762476921082
0.051472462713718414
0.01522847730666399
0.015178270637989044
0.06270113587379456
0.015472295694053173
0.2447260469198227
0.05853380635380745
0.15296690165996552
0.09543844312429428
0.12392976880073547
0.020188797265291214
0.1307482123374939
0.10766510665416718
0.02591761387884617
0.10547631978988647
0.0702911913394928
0.2347167730331421
0.0588432215154171
0.04667067527770996
0.29676735401153564
0.0644390881061554
0.3026461899280548
0.17430752515792847
0.1975438892841339
0.049263790249824524
0.23617704212665558
0.17772223055362701
0.2060905396938324
0.07122131437063217
0.16174812614917755
0.10809890925884247
0.09545670449733734
0.055497221648693085
0.07868288457393646
0.03439425304532051
0.04506753385066986
0.08365381509065628
0.15831972658634186
0.2128472775220871
0.03917436674237251
0.07729771733283997
0.047201260924339294
0.09566688537597656
0.06482517719268799
0.02868100441992283
0.029528114944696426
0.029489578679203987
0.028666863217949867
0.08766470849514008
0.0441792830824852
0.03625026345252991
0.03667803853750229
0.04389311745762825
0.0362820066511631
0.1903069168329239
0.03648161143064499
0.03735705092549324
0.036023061722517014
0.028973180800676346
0.09131206572055817
0.057188134640455246
0.032649699598550797
0.03067658469080925
0.1909732222557068
0.03461923450231552
0.08844369649887085
0.02361990697681904
0.03445146605372429
0.02287975139915943
0.02307945489883423
0.03442525118589401
0.023382175713777542
0.023446012288331985
0.01742260903120041
0.016697140410542488
0.0157886054366827
0.02363051101565361
0.03833272308111191
0.013488279655575752
0.012910876423120499
0.02465406432747841
0.011726261116564274
0.011136737652122974
0.010488077066838741
0.009810114279389381
0.009128903038799763
0.008465961553156376
0.007837989367544651
0.007256936281919479
0.006730088964104652
0.0062610371969640255
0.06056671962141991
0.07602402567863464
0.005673076957464218
0.005587628111243248
0.03586617857217789
0.005518275313079357
0.005518893711268902
0.005490181036293507
0.03614995628595352
0.005505722016096115
0.005541438236832619
0.0055421800352633
0.005510603077709675
0.005452336277812719
0.005371235776692629
0.06379438191652298
0.005391072481870651
0.03575791418552399
0.03497563675045967
0.006027044728398323
0.006320966873317957
0.07143153995275497
0.006807261612266302
0.00698203407227993
0.05135832726955414
0.007468423340469599
0.0077607412822544575
0.10539800673723221
0.007958710193634033
0.007865343242883682
0.007675820030272007
0.03141558915376663
0.007373950444161892
0.007242025341838598
0.007044781930744648
0.0330306775867939
0.006749668624252081
0.0066376072354614735
0.08153186738491058
0.006511440966278315
0.006456372793763876
0.173787921667099
0.006486829370260239
0.006552755832672119
0.0065340083092451096
0.006447487510740757
0.05396440997719765
0.0064974562264978886
0.050417710095644
0.007046294864267111
0.007380066439509392
0.007594386115670204
0.007686018943786621
0.092800572514534
0.007963006384670734
0.008127865381538868
0.00815797783434391
0.00806479062885046
0.007866083644330502
0.007583382539451122
0.007252254523336887
0.041286394000053406
0.04146898165345192
0.006723535247147083
0.006652090698480606
0.006509642116725445
0.06495480239391327
0.005911707412451506
0.04673166573047638
0.0054593514651060104
0.0473983958363533
0.005485729780048132
0.042903851717710495
0.0057802964001894
0.005929825361818075
0.0416044183075428
0.0062297191470861435
0.006368724163621664
0.006427917629480362
0.006411543115973473
0.006327784154564142
0.0061876410618424416
0.006003567483276129
0.0057883537374436855
0.041010938584804535
0.040881671011447906
0.0055512296967208385
0.03969208896160126
0.0386945903301239
0.006005691364407539
0.045498766005039215
0.03481816127896309
0.03321833536028862
0.1148255318403244
0.008853868581354618
0.00932279136031866
0.028329012915492058
0.0788569301366806
0.026104934513568878
0.012006154283881187
0.023948216810822487
0.013510835357010365
0.013976183719933033
0.040602944791316986
0.014673776924610138
0.021296493709087372
0.01518303994089365
0.01512559037655592
0.02084992080926895
0.014529552310705185
0.16822509467601776
0.01336858794093132
0.01250727754086256
0.022511126473546028
0.0928247943520546
0.01105997059494257
0.02303958125412464
0.011169956997036934
0.01110506895929575
0.023179804906249046
0.01081919763237238
0.010601270943880081
0.010208888910710812
0.024465419352054596
0.024704208597540855
0.009516389109194279
0.009393911808729172
0.02493310160934925
0.024811845272779465
0.009372729808092117
0.024080241098999977
0.009739413857460022
0.023228004574775696
0.022625742480158806
0.02176659181714058
0.011567470617592335
0.0120822349563241
0.012296817265450954
0.012224641628563404
0.011898619122803211
0.011365021578967571
0.134917214512825
0.06330320239067078
0.009957036934792995
0.00967253465205431
0.009253126569092274
0.00873660109937191
0.008160317316651344
0.027110619470477104
0.06948091834783554
0.0067637586034834385
0.006267285905778408
0.0058202678337693214
0.005436909385025501
0.005094215273857117
0.004794568754732609
0.004537994507700205
0.00432269461452961
0.004145600832998753
0.0040028891526162624
0.0038902119267731905
0.003803160274401307
0.0037373241502791643
0.0036885091103613377
0.0036533812526613474
0.0036364232655614614
0.044688787311315536
0.0036659312900155783
0.0037196979392319918
0.003777500707656145
0.003835640847682953
0.03923599794507027
0.004043802618980408
0.004190588369965553
0.0960940569639206
0.00451503274962306
0.004683269653469324
0.004816399421542883
0.00490969093516469
0.004961247555911541
0.032288238406181335
0.005145766772329807
0.0052680931985378265
0.15962956845760345
0.0831039622426033
0.004873828962445259
0.004615624900907278
0.035611722618341446
0.004323019180446863
0.004251016769558191
0.004172539338469505
0.004090604372322559
0.004007815383374691
0.0039268066175282
0.0038490425795316696
0.003775347489863634
0.0037062466144561768
0.0036420116666704416
0.003582622390240431
0.003527872497215867
0.0034774162340909243
0.00343178934417665
0.003389650024473667
0.003350654151290655
0.0033202075865119696
0.0032936977222561836
0.003268564585596323
0.054035481065511703
0.0032650150824338198
0.0032983357086777687
0.0033364996779710054
0.0033815097995102406
0.003424032824113965
0.04686214029788971
0.09661705791950226
0.1001589372754097
0.003957472275942564
0.0042176940478384495
0.004455371294170618
0.004657319746911526
0.00482306070625782
0.004936004988849163
0.00499335303902626
0.00499724643304944
0.004952802788466215
0.004875039216130972
0.09227456152439117
0.004544479306787252
0.14282108843326569
0.06268522143363953
0.004136789124459028
0.004000322427600622
0.0038851432036608458
0.0037906623911112547
0.0037154785823076963
0.04739067703485489
0.10713506489992142
0.0037613518070429564
0.0038089710287749767
0.0038457917980849743
0.0038724385667592287
0.003889654064550996
0.0038982806727290154
0.0038991672918200493
0.003893166081979871
0.04594678431749344
0.00392760569229722
0.05544060096144676
0.05495575815439224
0.10566650331020355
0.04767942801117897
0.003971917554736137
0.04786521941423416
0.004131528548896313
0.04389442130923271
0.0044761840254068375
0.039478935301303864
0.005036575254052877
0.005385470576584339
0.005728725343942642
0.032494090497493744
0.030878474935889244
0.007149274926632643
0.007730394601821899
0.026408569887280464
0.02505970001220703
0.0955660417675972
0.054795097559690475
0.012015273794531822
0.019893428310751915
0.014266708865761757
0.015139165334403515
0.01565326750278473
0.015811165794730186
0.015637945383787155
0.01517748087644577
0.01448572427034378
0.013623902574181557
0.012649926356971264
0.011623788625001907
0.01059491652995348
0.009602800011634827
0.008676293306052685
0.02645822986960411
0.02755986526608467
0.028174811974167824
0.09524831175804138
0.006978743243962526
0.006959247402846813
0.006881579291075468
0.0067546432837843895
0.006588146090507507
0.09508112072944641
0.006341129075735807
0.006249174475669861
0.09455187618732452
0.10030637681484222
0.0060675363056361675
0.005973700899630785
0.00585603341460228
0.03192880377173424
0.005725471302866936
0.03204985707998276
0.031653307378292084
