[0. 0. 0. 0. 0. 0. 0. 0. 0. 0. 0. 0. 0. 0. 0. 0. 0. 0. 0. 0. 0. 0. 0. 0.
 0. 0. 0. 0. 0. 0. 0. 0. 0. 0. 0. 0. 0. 0. 0. 0. 0. 0. 0. 0. 0. 0. 0. 0.
 0. 0.]
[0. 0. 0. 0. 0. 0. 0. 0. 0. 0. 0. 0. 0. 0. 0. 0. 0. 0. 0. 0. 0. 0. 0. 0.
 0. 0. 0. 0. 0. 0. 0. 0. 0. 0. 0. 0. 0. 0. 0. 0. 0. 0. 0. 0. 0. 0. 0. 0.
 0. 0.]
[0. 0. 0. 0. 0. 0. 0. 0. 0. 0. 0. 0. 0. 0. 0. 0. 0. 0. 0. 0. 0. 0. 0. 0.
 0. 0. 0. 0. 0. 0. 0. 0. 0. 0. 0. 0. 0. 0. 0. 0. 0. 0. 0. 0. 0. 0. 0. 0.
 0. 0.]
[0. 0. 0. 0. 0. 0. 0. 0. 0. 0. 0. 0. 0. 0. 0. 0. 0. 0. 0. 0. 0. 0. 0. 0.
 0. 0. 0. 0. 0. 0. 0. 0. 0. 0. 0. 0. 0. 0. 0. 0. 0. 0. 0. 0. 0. 0. 0. 0.
 0. 0.]
[0. 0. 0. 0. 0. 0. 0. 0. 0. 0. 0. 0. 0. 0. 0. 0. 0. 0. 0. 0. 0. 0. 0. 0.
 0. 0. 0. 0. 0. 0. 0. 0. 0. 0. 0. 0. 0. 0. 0. 0. 0. 0. 0. 0. 0. 0. 0. 0.
 0. 0.]
[0. 0. 0. 0. 0. 0. 0. 0. 0. 0. 0. 0. 0. 0. 0. 0. 0. 0. 0. 0. 0. 0. 0. 0.
 0. 0. 0. 0. 0. 0. 0. 0. 0. 0. 0. 0. 0. 0. 0. 0. 0. 0. 0. 0. 0. 0. 0. 0.
 0. 0.]
[0.56449196 0.5701939  0.57595343 0.58177114 0.58764762 0.59358345
 0.59957925 0.6056356  0.61175313 0.61793246 0.6241742  0.63047899
 0.63684746 0.64328027 0.64977805 0.65634146 0.66297117 0.66966785
 0.67643217 0.68326482 0.69016649 0.69713787 0.70417966 0.71129259
 0.71847736 0.72573471 0.73306536 0.74047006 0.74794956 0.75550461
 0.76313597 0.77084441 0.77863072 0.78649567 0.79444007 0.80246472
 0.81057043 0.81875801 0.82702829 0.83538211 0.84382031 0.85234375]
[0.69694921 0.7039891  0.7111001  0.71828293 0.72553831 0.73286698
 0.74026968 0.74774715 0.75530015 0.76292944 0.7706358  0.77842
 0.78628283 0.79422508 0.80224756 0.81035107 0.81853643 0.82680448
 0.83515604 0.84359196 0.85211309 0.86072029 0.86941444 0.8781964
 0.88706707 0.89602734 0.90507812]
[0.80056987 0.80865643 0.81682468 0.82507543 0.83340953 0.8418278
 0.85033112 0.85892032 0.86759628 0.87635988 0.885212   0.89415354
 0.90318539 0.91230847 0.92152371 0.93083203 0.94023437]
[0.85756617 0.86622846 0.87497824 0.8838164  0.89274384 0.90176146
 0.91087016 0.92007087 0.92936451 0.93875203 0.94823437 0.9578125 ]
[0.60582509 0.61194454 0.6181258  0.62436949 0.63067625 0.63704672
 0.64348154 0.64998135 0.65654682 0.6631786  0.66987738 0.67664382
 0.6834786  0.69038243 0.69735599 0.70439999 0.71151514 0.71870216
 0.72596178 0.73329472 0.74070174 0.74818358 0.75574099 0.76337473
 0.77108559 0.77887433 0.78674175 0.79468864 0.80271579 0.81082404
 0.81901418 0.82728705 0.83564348 0.84408433 0.85261043 0.86122266
 0.86992187]
[0.82293305 0.8312455  0.83964192 0.84812315 0.85669005 0.86534349
 0.87408433 0.88291346 0.89183178 0.90084018 0.90993958 0.91913089
 0.92841504 0.93779297 0.94726562]
[0.86940792 0.87818982 0.88706043 0.89602063 0.90507135 0.91421348
 0.92344796 0.93277572 0.9421977  0.95171484 0.96132812]
[0.86940792 0.87818982 0.88706043 0.89602063 0.90507135 0.91421348
 0.92344796 0.93277572 0.9421977  0.95171484 0.96132812]
[0.86940792 0.87818982 0.88706043 0.89602063 0.90507135 0.91421348
 0.92344796 0.93277572 0.9421977  0.95171484 0.96132812]
[0.85756617 0.86622846 0.87497824 0.8838164  0.89274384 0.90176146
 0.91087016 0.92007087 0.92936451 0.93875203 0.94823437 0.9578125 ]
[0.85756617 0.86622846 0.87497824 0.8838164  0.89274384 0.90176146
 0.91087016 0.92007087 0.92936451 0.93875203 0.94823437 0.9578125 ]
[0.86940792 0.87818982 0.88706043 0.89602063 0.90507135 0.91421348
 0.92344796 0.93277572 0.9421977  0.95171484 0.96132812]
[0.81168007 0.81987886 0.82816047 0.83652572 0.84497548 0.85351058
 0.8621319  0.87084031 0.87963667 0.88852189 0.89749686 0.90656248
 0.91571968 0.92496937 0.9343125  0.94375   ]
[0.81168007 0.81987886 0.82816047 0.83652572 0.84497548 0.85351058
 0.8621319  0.87084031 0.87963667 0.88852189 0.89749686 0.90656248
 0.91571968 0.92496937 0.9343125  0.94375   ]
[0.80056987 0.80865643 0.81682468 0.82507543 0.83340953 0.8418278
 0.85033112 0.85892032 0.86759628 0.87635988 0.885212   0.89415354
 0.90318539 0.91230847 0.92152371 0.93083203 0.94023437]
[0. 0. 0. 0. 0. 0. 0. 0. 0. 0. 0. 0. 0. 0. 0. 0. 0. 0. 0. 0. 0. 0. 0. 0.
 0. 0. 0. 0. 0. 0. 0. 0. 0. 0. 0. 0. 0. 0. 0. 0. 0. 0. 0. 0. 0. 0. 0. 0.
 0. 0.]
[0. 0. 0. 0. 0. 0. 0. 0. 0. 0. 0. 0. 0. 0. 0. 0. 0. 0. 0. 0. 0. 0. 0. 0.
 0. 0. 0. 0. 0. 0. 0. 0. 0. 0. 0. 0. 0. 0. 0. 0. 0. 0. 0. 0. 0. 0. 0. 0.
 0. 0.]
[0. 0. 0. 0. 0. 0. 0. 0. 0. 0. 0. 0. 0. 0. 0. 0. 0. 0. 0. 0. 0. 0. 0. 0.
 0. 0. 0. 0. 0. 0. 0. 0. 0. 0. 0. 0. 0. 0. 0. 0. 0. 0. 0. 0. 0. 0. 0. 0.
 0. 0.]
[0. 0. 0. 0. 0. 0. 0. 0. 0. 0. 0. 0. 0. 0. 0. 0. 0. 0. 0. 0. 0. 0. 0. 0.
 0. 0. 0. 0. 0. 0. 0. 0. 0. 0. 0. 0. 0. 0. 0. 0. 0. 0. 0. 0. 0. 0. 0. 0.
 0. 0.]
[0. 0. 0. 0. 0. 0. 0. 0. 0. 0. 0. 0. 0. 0. 0. 0. 0. 0. 0. 0. 0. 0. 0. 0.
 0. 0. 0. 0. 0. 0. 0. 0. 0. 0. 0. 0. 0. 0. 0. 0. 0. 0. 0. 0. 0. 0. 0. 0.
 0. 0.]
[0.90585101 0.91500102 0.92424345 0.93357925 0.94300934 0.95253469
 0.96215625 0.971875  ]
[0.76807864 0.77583701 0.78367375 0.79158965 0.7995855  0.80766212
 0.81582033 0.82406094 0.83238478 0.84079271 0.84928557 0.85786421
 0.8665295  0.87528233 0.88412356 0.8930541  0.90207485 0.91118672
 0.92039063 0.9296875 ]
[0.85756617 0.86622846 0.87497824 0.8838164  0.89274384 0.90176146
 0.91087016 0.92007087 0.92936451 0.93875203 0.94823437 0.9578125 ]
[0.85756617 0.86622846 0.87497824 0.8838164  0.89274384 0.90176146
 0.91087016 0.92007087 0.92936451 0.93875203 0.94823437 0.9578125 ]
[0.85756617 0.86622846 0.87497824 0.8838164  0.89274384 0.90176146
 0.91087016 0.92007087 0.92936451 0.93875203 0.94823437 0.9578125 ]
[0.83433054 0.84275812 0.85127082 0.85986952 0.86855507 0.87732835
 0.88619026 0.89514167 0.90418351 0.91331668 0.9225421  0.9318607
 0.94127344 0.95078125]
[0.85756617 0.86622846 0.87497824 0.8838164  0.89274384 0.90176146
 0.91087016 0.92007087 0.92936451 0.93875203 0.94823437 0.9578125 ]
[0.85756617 0.86622846 0.87497824 0.8838164  0.89274384 0.90176146
 0.91087016 0.92007087 0.92936451 0.93875203 0.94823437 0.9578125 ]
[0.85756617 0.86622846 0.87497824 0.8838164  0.89274384 0.90176146
 0.91087016 0.92007087 0.92936451 0.93875203 0.94823437 0.9578125 ]
[0.74710048 0.75464695 0.76226964 0.76996934 0.77774681 0.78560283
 0.79353822 0.80155375 0.80965026 0.81782854 0.82608944 0.83443377
 0.8428624  0.85137616 0.85997592 0.86866254 0.87743691 0.88629991
 0.89525244 0.90429539 0.91342969 0.92265625]
[0.90585101 0.91500102 0.92424345 0.93357925 0.94300934 0.95253469
 0.96215625 0.971875  ]
[0.90585101 0.91500102 0.92424345 0.93357925 0.94300934 0.95253469
 0.96215625 0.971875  ]
[0.76807864 0.77583701 0.78367375 0.79158965 0.7995855  0.80766212
 0.81582033 0.82406094 0.83238478 0.84079271 0.84928557 0.85786421
 0.8665295  0.87528233 0.88412356 0.8930541  0.90207485 0.91118672
 0.92039063 0.9296875 ]
[0.83433054 0.84275812 0.85127082 0.85986952 0.86855507 0.87732835
 0.88619026 0.89514167 0.90418351 0.91331668 0.9225421  0.9318607
 0.94127344 0.95078125]
[0.90585101 0.91500102 0.92424345 0.93357925 0.94300934 0.95253469
 0.96215625 0.971875  ]
[0.90585101 0.91500102 0.92424345 0.93357925 0.94300934 0.95253469
 0.96215625 0.971875  ]
